8:     20464     20527,        63
9:     24939     24790,      -149
10:     31482     30703,      -779
11:     36311     36243,       -68
12:     39208     40131,       923
13:     44777     43920,      -857
14:     49831     49526,      -305
15:     60647     60704,        57
16:     65008     63037,     -1971
17:     70243     87521,     17278
18:     76880     77058,       178
19:     84677     83910,      -767
20:     90268     90372,       104
21:     99476     99537,        61
22:    108138    107812,      -326
23:    117658    118315,       657
24:    126791    126925,       134
25:    140075    135159,     -4916
26:    161181    146748,    -14433
27:    157525    160141,      2616
28:    167105    166469,      -636
29:    179917    179213,      -704
30:    193329    193731,       402
31:    207379    223612,     16233
32:    216546    216090,      -456
33:    229120    230034,       914
34:    243267    243402,       135
35:    309017    320109,     11092
36:    322909    318914,     -3995
37:    342269    337240,     -5029
38:    350344    299796,    -50548
39:    329591    315300,    -14291
40:    330875    327591,     -3284
41:    374265    343718,    -30547
42:    363690    363164,      -526
43:    381310    380748,      -562
44:    395002    394711,      -291
45:    624712    456997,   -167715
46:    429983    430449,       466
47:    448685    448128,      -557
48:    464040    463644,      -396
49:    484272    483676,      -596
50:    505077    505164,        87
51:    525047    547864,     22817
52:    540823    540507,      -316
53:    575577    561441,    -14136
54:    584988    584825,      -163
55:    608879    609115,       236
56:    637005    623444,    -13561
57:    654392    648643,     -5749
58:    673119    678559,      5440
59:    718522    683060,    -35462
60:    719810    690002,    -29808
61:    742595    720367,    -22228
62:    769286    748326,    -20960
63:    792135    750731,    -41404
64:    814210    747312,    -66898
65:    852443    796316,    -56127
66:    871693    836077,    -35616
67:    890335    857178,    -33157
68:    912853    855438,    -57415
69:    939527    883336,    -56191
70:    971628    924571,    -47057
71:   1021703    919259,   -102444
72:   1031731    967637,    -64094
73:   1071227   1017463,    -53764
74:   1104594   1067632,    -36962
75:   1109384   1044707,    -64677
76:   1137967   1092014,    -45953
77:   1174529   1139113,    -35416
78:   1203702   1083408,   -120294
79:   1228369   1141415,    -86954
80:   1258804   1200852,    -57952
81:   1291830   1203265,    -88565
82:   1322628   1197013,   -125615
83:   1378849   1279898,    -98951
84:   1386207   1201587,   -184620
85:   1437365   1272496,   -164869
86:   1457169   1317406,   -139763
87:   1509959   1311330,   -198629
88:   1513718   1346999,   -166719
89:   1551853   1400496,   -151357
90:   1594282   1342412,   -251870
91:   1625046   1398513,   -226533
92:   1710736   1471855,   -238881
93:   1702528   1452898,   -249630
94:   1740198   1497972,   -242226
95:   1767339   1583525,   -183814
96:   1848638   1495417,   -353221
97:   1859999   1568753,   -291246
98:   1917977   1613739,   -304238
99:   1915543   1588651,   -326892
100:   2008657   1959261,    -49396
101:   2031272   1965176,    -66096
102:   2088442   2046748,    -41694
103:   2172346   2157932,    -14414
104:   2204591   1997652,   -206939
105:   2178764   2025079,   -153685
106:   2246512   2089472,   -157040
107:   2271075   2224551,    -46524
108:   2395304   2064290,   -331014
109:   2382043   2135302,   -246741
110:   2417045   2185877,   -231168
111:   2443095   2311989,   -131106
112:   2545897   2159697,   -386200
113:   2528249   2212246,   -316003
114:   2578147   2292641,   -285506
115:   2638135   2391452,   -246683
116:   2677871   2289127,   -388744
117:   2685225   2312914,   -372311
118:   2770021   2408678,   -361343
119:   2800290   2477430,   -322860
120:   2880609   2678152,   -202457
121:   2890800   2731680,   -159120
122:   2949215   2864462,    -84753
123:   3003722   2978855,    -24867
124:   3045888   3168939,    123051
125:   3121232   2764274,   -356958
126:   3132184   2926981,   -205203
127:   3188855   3006802,   -182053
128:   3303252   3100871,   -202381
129:   3293723   3271924,    -21799
130:   3334502   2979353,   -355149
131:   3407199   3062561,   -344638
132:   3517080   3131124,   -385956
133:   3525865   3247610,   -278255
134:   3563972   3384918,   -179054
135:   3609859   3109427,   -500432
136:   3674427   3222740,   -451687
137:   3701449   3319843,   -381606
138:   3781307   3442051,   -339256
139:   3794384   3532369,   -262015
140:   3867350   3210758,   -656592
141:   3921094   3315415,   -605679
142:   3958955   3464953,   -494002
143:   4056677   3595018,   -461659
144:   4114898   3710054,   -404844
145:   4154952   3322780,   -832172
146:   4214693   3441362,   -773331
147:   4305702   3571260,   -734442
148:   4299216   3778968,   -520248
149:   4333539   3917241,   -416298
150:   4443255   3500315,   -942940
151:   4508390   3641619,   -866771
152:   4547247   3806731,   -740516
153:   4601814   3934849,   -666965
154:   4666665   4056312,   -610353
155:   4745865   3733029,  -1012836
156:   4820561   3801970,  -1018591
157:   4842623   4021782,   -820841
158:   4935536   4117892,   -817644
159:   5027286   4293786,   -733500
160:   5065455   3878911,  -1186544
161:   5079074   3983641,  -1095433
162:   5125357   4130074,   -995283
163:   5233854   4277918,   -955936
164:   5255713   4414505,   -841208
165:   5337594   4095211,  -1242383
166:   5391140   4176612,  -1214528
167:   5563595   4322705,  -1240890
168:   5528757   4487450,  -1041307
169:   5602660   4592231,  -1010429
170:   5650498   4213053,  -1437445
171:   5744759   4327724,  -1417035
172:   5823028   4482848,  -1340180
173:   5844438   4670612,  -1173826
174:   5949584   4821929,  -1127655
175:   6023592   4376006,  -1647586
176:   6075050   4547813,  -1527237
177:   6148212   4683837,  -1464375
178:   6213049   4846157,  -1366892
179:   6289235   5009952,  -1279283
180:   6352516   4565933,  -1786583
181:   6414215   4674126,  -1740089
182:   6462505   4874748,  -1587757
183:   6573761   5022653,  -1551108
184:   6627437   5144493,  -1482944
185:   6707855   4836588,  -1871267
186:   7330798   5242867,  -2087931
187:   7048341   5400170,  -1648171
188:   7115686   5224505,  -1891181
189:   7145431   5370605,  -1774826
190:   7083229   4881240,  -2201989
191:   7178566   5103531,  -2075035
192:   7339271   5223543,  -2115728
193:   7313629   5395220,  -1918409
194:   7422681   5572384,  -1850297
195:   7468538   5053003,  -2415535
196:   7674331   5325321,  -2349010
197:   7537527   5406211,  -2131316
198:   7662067   5556396,  -2105671
199:   7725992   5693422,  -2032570
200:   7822727   5304245,  -2518482
201:   7847202   5441520,  -2405682
202:   7948722   5604189,  -2344533
203:   8021924   5741311,  -2280613
204:   8121074   5888868,  -2232206
205:   8171254   5471694,  -2699560
206:   8257022   5592205,  -2664817
207:   8400620   5793182,  -2607438
208:   8415907   5924743,  -2491164
209:   8503563   6149561,  -2354002
210:   8617918   5738680,  -2879238
211:   8674139   5832353,  -2841786
212:   8767647   5981994,  -2785653
213:   8828050   6201907,  -2626143
214:   8934234   6320620,  -2613614
215:   8997283   5882697,  -3114586
216:   9106438   6015281,  -3091157
217:   9173517   6206416,  -2967101
218:   9285827   6348820,  -2937007
219:   9363128   6510261,  -2852867
220:   9476234   6074411,  -3401823
221:   9529529   6207501,  -3322028
222:   9583671   6376147,  -3207524
223:   9720358   6579885,  -3140473
224:   9786338   6683547,  -3102791
225:   9823579   6308219,  -3515360
226:   9977756   6414305,  -3563451
227:  10050127   6546033,  -3504094
228:  10186536   6760953,  -3425583
229:  10174489   6934185,  -3240304
230:  10314651   6468172,  -3846479
231:  10375874   6586762,  -3789112
232:  10477653   6773784,  -3703869
233:  10528571   7268433,  -3260138
234:  10659482   7153677,  -3505805
235:  10717478   6628654,  -4088824
236:  10863957   6825869,  -4038088
237:  10894477   6982718,  -3911759
238:  11039363   7177144,  -3862219
239:  11106946   7339779,  -3767167
240:  11166878   6865068,  -4301810
241:  11241022   6990705,  -4250317
242:  11378515   7229394,  -4149121
243:  11474552   7388301,  -4086251
244:  11536257   7575230,  -3961027
245:  11690769   7078304,  -4612465
246:  12391732   7257615,  -5134117
247:  11862117   7413794,  -4448323
248:  11964840   7662865,  -4301975
249:  12032085   7841548,  -4190537
250:  12134799   7305311,  -4829488
251:  12232240   7414121,  -4818119
252:  12344170   7645574,  -4698596
253:  12407078   7807445,  -4599633
254:  12534507   8170425,  -4364082
255:  12590478   7489993,  -5100485
256:  12728991   7643409,  -5085582
257:  12780568   7839436,  -4941132
258:  12907894   8086522,  -4821372
259:  13017185   8265181,  -4752004
260:  13097556   7733213,  -5364343
261:  13167552   7811781,  -5355771
262:  13302416   8104094,  -5198322
263:  13401307   8275016,  -5126291
264:  13509402   8460740,  -5048662
265:  13591500   7974459,  -5617041
266:  13716930   8260282,  -5456648
267:  13894565   8386893,  -5507672
268:  13984148   8537008,  -5447140
269:  14107027   8875002,  -5232025
270:  14207580   8281785,  -5925795
271:  14339495   8332254,  -6007241
272:  14399686   8614355,  -5785331
273:  14497056   8910519,  -5586537
274:  14611124   9387287,  -5223837
275:  14804804   8413911,  -6390893
276:  14907076   8722811,  -6184265
277:  14908462   9005653,  -5902809
278:  14992155   9528480,  -5463675
279:  15143502   9656310,  -5487192
280:  15258611   8664204,  -6594407
281:  15338171   8932667,  -6405504
282:  15424631   9445781,  -5978850
283:  15673515   9634583,  -6038932
284:  15636927   9828509,  -5808418
285:  15815588   9244066,  -6571522
286:  15874274   9481189,  -6393085
287:  16063307   9593658,  -6469649
288:  16050347   9736896,  -6313451
289:  16891704   9950454,  -6941250
290:  16318268   9463389,  -6854879
291:  16428938   9663285,  -6765653
292:  16555211   9811978,  -6743233
293:  16598387  10116108,  -6482279
294:  16700183  10231083,  -6469100
295:  16839610   9734602,  -7105008
296:  16989897   9778617,  -7211280
297:  17051095  10139609,  -6911486
298:  17182613  10214842,  -6967771
299:  17276682  10405121,  -6871561
300:  17397916   9839153,  -7558763
301:  17527774  10067004,  -7460770
302:  17649381  10131321,  -7518060
303:  17761621  10350304,  -7411317
304:  17846189  10513317,  -7332872
305:  17986445  10096000,  -7890445
306:  18271882  10242038,  -8029844
307:  18228113  10399812,  -7828301
308:  18347403  10528385,  -7819018
309:  18474918  10836882,  -7638036
310:  18589897  10344128,  -8245769
311:  18715963  10386446,  -8329517
312:  18884601  10603330,  -8281271
313:  18949855  10861609,  -8088246
314:  19113048  11177547,  -7935501
315:  19197331  10409237,  -8788094
316:  19410611  10719043,  -8691568
317:  19466446  10982215,  -8484231
318:  19657308  11111656,  -8545652
319:  19769620  11392570,  -8377050
320:  19850201  10645574,  -9204627
321:  19993818  10907177,  -9086641
322:  20121550  11159871,  -8961679
323:  20973639  12148510,  -8825129
324:  20372932  11651735,  -8721197
325:  20498183  11014906,  -9483277
326:  20593934  11238929,  -9355005
327:  20797143  11425509,  -9371634
328:  20860486  11704398,  -9156088
329:  21010653  11811935,  -9198718
330:  21171923  11279449,  -9892474
331:  21183084  11450604,  -9732480
332:  21437793  11625870,  -9811923
333:  21488710  11866526,  -9622184
334:  21630290  12004148,  -9626142
335:  22394482  11513780, -10880702
336:  21956229  11583566, -10372663
337:  21995976  11793140, -10202836
338:  22231951  12182829, -10049122
339:  22270982  12526462,  -9744520
340:  22425526  11701762, -10723764
341:  22511104  11816215, -10694889
342:  22633188  12106465, -10526723
343:  23004752  12518769, -10485983
344:  22835221  12885904,  -9949317
345:  23066596  12030127, -11036469
346:  23167721  12179617, -10988104
347:  23249238  12540098, -10709140
348:  23394547  13004642, -10389905
349:  23495458  13362985, -10132473
350:  23715538  12116096, -11599442
351:  23773315  12393475, -11379840
352:  24652531  12894549, -11757982
353:  24047308  13412366, -10634942
354:  24232674  13665312, -10567362
355:  24471596  12802250, -11669346
356:  24447831  12878686, -11569145
357:  24621583  13400200, -11221383
358:  24785683  13663812, -11121871
359:  25010563  13605054, -11405509
360:  24977135  12954428, -12022707
361:  25151143  13379084, -11772059
362:  25384942  13765530, -11619412
363:  25439625  13765797, -11673828
364:  25612341  14179011, -11433330
365:  25716578  13588650, -12127928
366:  26111292  13851429, -12259863
367:  26112299  13800309, -12311990
368:  26252416  14389433, -11862983
369:  26457475  14455650, -12001825
370:  26559888  13607869, -12952019
371:  26665909  13791934, -12873975
372:  26684247  14193360, -12490887
373:  26826381  14438763, -12387618
374:  27047465  14300851, -12746614
375:  27190886  13779212, -13411674
376:  27261637  14177033, -13084604
377:  27411754  14546433, -12865321
378:  27640761  14364577, -13276184
379:  27793992  14764686, -13029306
380:  27922962  14363428, -13559534
381:  28113305  14533599, -13579706
382:  28286340  14371471, -13914869
383:  28433902  14827890, -13606012
384:  28571724  15282326, -13289398
385:  28637817  14525196, -14112621
386:  28746817  14727218, -14019599
387:  28884147  14810761, -14073386
388:  29045650  15292087, -13753563
389:  29263264  15045484, -14217780
390:  29346705  14447200, -14899505
391:  29554123  14809007, -14745116
392:  29680192  15192856, -14487336
393:  29820908  15056990, -14763918
394:  29979296  15568854, -14410442
395:  30157060  15008737, -15148323
396:  30351605  15314603, -15037002
397:  30368696  15087393, -15281303
398:  30543211  15660876, -14882335
399:  30744315  15836913, -14907402
400:  30898718  15058639, -15840079
401:  30976457  15131120, -15845337
402:  31176246  15503437, -15672809
403:  31299647  16029840, -15269807
404:  31487942  15686619, -15801323
405:  31583262  15289874, -16293388
406:  31909798  15496400, -16413398
407:  31960324  15845522, -16114802
408:  32102475  15719249, -16383226
409:  32247638  16224112, -16023526
410:  32529869  15631728, -16898141
411:  32573742  16082313, -16491429
412:  32754439  15721789, -17032650
413:  32961080  16382473, -16578607
414:  33109031  16464540, -16644491
415:  33226186  15735056, -17491130
416:  33407463  15838408, -17569055
417:  33530925  16394778, -17136147
418:  33664226  16915721, -16748505
419:  33845633  16586039, -17259594
420:  34166344  15842041, -18324303
421:  34141337  16260960, -17880377
422:  34384921  16670921, -17714000
423:  34512350  16521340, -17991010
424:  34708277  17011305, -17696972
425:  34792169  16412941, -18379228
426:  34988379  16538903, -18449476
427:  35352226  16721872, -18630354
428:  35337437  17219989, -18117448
429:  35519963  17451575, -18068388
430:  35617763  16485949, -19131814
431:  35979789  16708890, -19270899
432:  35928052  17296967, -18631085
433:  36120404  17455334, -18665070
434:  36266338  17125009, -19141329
435:  36456063  16589976, -19866087
436:  36631742  17094412, -19537330
437:  38021217  18757312, -19263905
438:  36993612  17347072, -19646540
439:  37135668  17809056, -19326612
440:  37279984  17166294, -20113690
441:  37442735  17426818, -20015917
442:  37633986  17528947, -20105039
443:  37835233  17785756, -20049477
444:  37929091  18353268, -19575823
445:  38156054  17382182, -20773872
446:  38307271  17363019, -20944252
447:  38694535  18032342, -20662193
448:  38814232  18355359, -20458873
449:  38990419  18059772, -20930647
450:  39163381  17421043, -21742338
451:  39334818  17822531, -21512287
452:  39486267  18403853, -21082414
453:  39718295  17985791, -21732504
454:  39788939  20064253, -19724686
455:  40023774  18133473, -21890301
456:  40184175  18430670, -21753505
457:  40508675  18291130, -22217545
458:  40525331  18973598, -21551733
459:  40752395  19256479, -21495916
460:  40950459  18137869, -22812590
461:  41090800  18272268, -22818532
462:  41246265  18962696, -22283569
463:  41604014  19418054, -22185960
464:  41474694  19538004, -21936690
465:  41692226  18185471, -23506755
466:  41786006  18798150, -22987856
467:  42035340  19171361, -22863979
468:  42233577  18868751, -23364826
469:  42348109  19633230, -22714879
470:  42750258  20987288, -21762970
471:  42759264  19323787, -23435477
472:  42821554  18934944, -23886610
473:  43078003  19683568, -23394435
474:  43255935  20076423, -23179512
475:  43451619  18878519, -24573100
476:  43599889  18976455, -24623434
477:  43828834  19697543, -24131291
478:  43965315  20172748, -23792567
479:  44175639  20854061, -23321578
480:  44327337  19006214, -25321123
481:  44500538  19586623, -24913915
482:  44778842  19991899, -24786943
483:  44967605  20896258, -24071347
484:  45075977  22280885, -22795092
485:  45198565  21645930, -23552635
486:  45583406  20066313, -25517093
487:  45669933  20855944, -24813989
488:  45839155  22172187, -23666968
489:  45942561  22869539, -23073022
490:  46158033  20091535, -26066498
491:  46322767  20973384, -25349383
492:  46545459  22242724, -24302735
493:  46728889  22993063, -23735826
494:  46866832  23435320, -23431512
495:  47176330  21675116, -25501214
496:  47178111  22303325, -24874786
497:  47368762  22898962, -24469800
498:  47765590  23425592, -24339998
499:  47889907  24566222, -23323685
500:  48070384  22556243, -25514141
501:  48269979  23118549, -25151430
502:  48494909  23754387, -24740522
503:  48813568  23957879, -24855689
504:  48793434  23488574, -25304860
505:  49012250  23317580, -25694670
506:  49242557  23822014, -25420543
507:  49484216  24029953, -25454263
508:  49625182  23634992, -25990190
509:  49789349  24092468, -25696881
510:  50039907  23911631, -26128276
511:  50138075  24112700, -26025375
512:  50437028  23678235, -26758793
513:  50695311  24179380, -26515931
514:  50834519  24862557, -25971962
515:  50983254  23908620, -27074634
516:  51285131  23761125, -27524006
517:  51363086  24137809, -27225277
518:  51546688  25207821, -26338867
519:  51838865  25528233, -26310632
520:  52356720  25601133, -26755587
521:  52591410  24314101, -28277309
522:  52604886  25016838, -27588048
523:  52593480  25249935, -27343545
524:  52890801  24591766, -28299035
525:  54057255  24589017, -29468238
526:  53357874  24802195, -28555679
527:  53640750  25428797, -28211953
528:  53530224  24566577, -28963647
529:  53755506  25103679, -28651827
530:  54278418  24898004, -29380414
531:  54214118  25211311, -29002807
532:  54492616  24625355, -29867261
533:  54959351  25288472, -29670879
534:  54796212  26048395, -28747817
535:  55020144  25305390, -29714754
536:  55323612  24724878, -30598734
537:  55407606  26986372, -28421234
538:  55846526  26224414, -29622112
539:  56005580  26421261, -29584319
540:  56128805  24588569, -31540236
541:  56189127  25204633, -30984494
542:  56567306  26120920, -30446386
543:  56714445  26285300, -30429145
544:  56847990  25482935, -31365055
545:  57094657  25455014, -31639643
546:  57290495  26097689, -31192806
547:  57501733  26382235, -31119498
548:  57604374  25662111, -31942263
549:  59039611  26386001, -32653610
550:  58139220  26324489, -31814731
551:  58619950  26754853, -31865097
552:  58800886  25862314, -32938572
553:  58804334  26461208, -32343126
554:  59305590  27361365, -31944225
555:  59544382  26487842, -33056540
556:  59541683  25892617, -33649066
557:  59820611  26347794, -33472817
558:  60004134  27292392, -32711742
559:  60253582  27728784, -32524798
560:  61940920  25774947, -36165973
561:  60721242  26418921, -34302321
562:  61004478  27138489, -33865989
563:  61209390  27582441, -33626949
564:  61331844  26903296, -34428548
565:  61429363  26512195, -34917168
566:  61834696  27060391, -34774305
567:  61949911  27685632, -34264279
568:  62024496  26997289, -35027207
569:  62277278  27464474, -34812804
570:  62288806  27299876, -34988930
571:  62885083  27476040, -35409043
572:  62843480  26848768, -35994712
573:  62994292  27497074, -35497218
574:  63210926  28340111, -34870815
575:  63576461  27040985, -36535476
576:  63671090  27067391, -36603699
577:  63902495  27616610, -36285885
578:  64281838  28494169, -35787669
579:  64374773  29779892, -34594881
580:  64536498  26879727, -37656771
581:  65346828  29591632, -35755196
582:  65100796  28290882, -36809914
583:  65270430  29596954, -35673476
584:  65647286  30011015, -35636271
585:  65815974  27583377, -38232597
586:  65842652  28371053, -37471599
587:  66488418  29644092, -36844326
588:  66524195  30108712, -36415483
589:  66681666  30938575, -35743091
590:  66874112  28383022, -38491090
591:  67066788  30874581, -36192207
592:  67301517  30183888, -37117629
593:  67620415  30915281, -36705134
594:  67713089  32086018, -35627071
595:  68019220  29960634, -38058586
596:  68508273  30501605, -38006668
597:  68705796  31191496, -37514300
598:  68912593  32171289, -36741304
599:  69202178  33169423, -36032755
600:  69324805  30507688, -38817117
601:  71284842  31245974, -40038868
602:  69963082  32358035, -37605047
603:  70229723  33173892, -37055831
604:  70463172  33837159, -36626013
605:  70621046  31363500, -39257546
606:  70857992  32737369, -38120623
607:  71109305  33549892, -37559413
608:  71141009  33810113, -37330896
609:  71397971  31835898, -39562073
610:  71827628  33580793, -38246835
611:  72072381  33325641, -38746740
612:  72273417  34176603, -38096814
613:  72351097  32027227, -40323870
614:  72647591  33444988, -39202603
615:  72836775  33405267, -39431508
616:  73254635  33817687, -39436948
617:  73258525  32163937, -41094588
618:  73753241  33125321, -40627920
619:  73907372  36328547, -37578825
620:  74279296  32840692, -41438604
621:  74385178  32182883, -42202295
622:  74364694  33152036, -41212658
623:  74664996  34234530, -40430466
624:  74919420  34970662, -39948758
625:  75095552  31909067, -43186485
626:  75418401  32808518, -42609883
627:  75719638  33795527, -41924111
628:  78612140  34844472, -43767668
629:  76333519  34962150, -41371369
630:  77477977  33577930, -43900047
631:  76753457  33994219, -42759238
632:  77204294  35162409, -42041885
633:  77615727  35035851, -42579876
634:  78694342  34177324, -44517018
635:  78623399  35720667, -42902732
636:  80306240  35674086, -44632154
637:  78414749  36120595, -42294154
638:  78828795  34236511, -44592284
639:  79700644  34896823, -44803821
640:  79968573  35419949, -44548624
641:  79264418  35150727, -44113691
642:  79422672  33727744, -45694928
643:  79799458  34442785, -45356673
644:  79884567  35260858, -44623709
645:  81681368  34444133, -47237235
646:  80333676  33764417, -46569259
647:  80630842  34564940, -46065902
648:  80836945  35560073, -45276872
649:  81102866  36602342, -44500524
650:  81354958  33391835, -47963123
651:  81624252  34130711, -47493541
652:  81828618  35236339, -46592279
653:  82813558  37787547, -45026011
654:  82389719  36445634, -45944085
655:  82583935  34349116, -48234819
656:  82760775  35195378, -47565397
657:  83091807  36294903, -46796904
658:  83454152  36570794, -46883358
659:  83609714  34629018, -48980696
660:  83919228  35458522, -48460706
661:  84082114  37967715, -46114399
662:  84407146  36714512, -47692634
663:  84658620  34913087, -49745533
664:  84762988  35959768, -48803220
665:  85159613  36639769, -48519844
666:  85465958  36873445, -48592513
667:  85714282  35067250, -50647032
668:  85870010  36053439, -49816571
669:  88408720  37024651, -51384069
670:  86445858  36181466, -50264392
671:  86755505  35171140, -51584365
672:  86956008  36083643, -50872365
673:  87040696  37215845, -49824851
674:  87468490  38136301, -49332189
675:  87739633  34770342, -52969291
676:  87883127  35709537, -52173590
677:  88411481  36856235, -51555246
678:  88584620  37543033, -51041587
679:  88757002  37933108, -50823894
680:  88986198  35952252, -53033946
681:  89336001  36930173, -52405828
682:  89505316  37916758, -51588558
683:  89748794  37916034, -51832760
684:  90033472  36464292, -53569180
685:  91217343  37608640, -53608703
686:  94478539  39967348, -54511191
687:  90951457  38246215, -52705242
688:  91085790  36168255, -54917535
689:  91467065  37143034, -54324031
690:  91692583  38337144, -53355439
691:  92143023  38217781, -53925242
692:  92172704  36539977, -55632727
693:  92733625  38836499, -53897126
694:  92765410  38609228, -54156182
695:  93246769  37222120, -56024649
696:  93459522  36494603, -56964919
697:  93754503  37438144, -56316359
698:  93934412  38677548, -55256864
699:  95611399  39752845, -55858554
700:  94335958  35968932, -58367026
701:  94697060  37039888, -57657172
702:  94946549  38322132, -56624417
703:  95218546  39333793, -55884753
704:  95315941  39910183, -55405758
705:  95554424  37325896, -58228528
706:  97950582  38436929, -59513653
707:  96082898  39477026, -56605872
708:  96501744  39670759, -56830985
709:  97045909  37621017, -59424892
710:  97149762  38828158, -58321604
711:  97253287  39547744, -57705543
712:  97327831  39825381, -57502450
713: 100103911  37872647, -62231264
714:  97920336  39113221, -58807115
715:  98274744  39902384, -58372360
716:  98486466  40206155, -58280311
717:  98861567  38148248, -60713319
718:  99071116  39332066, -59739050
719:  99435205  40434698, -59000507
720: 102015635  38995485, -63020150
721:  99938562  38246416, -61692146
722: 100249644  39366819, -60882825
723: 100500828  40455361, -60045467
724: 100930233  42054401, -58875832
725: 101288931  37780727, -63508204
726: 101612698  38947395, -62665303
727: 101707443  40238697, -61468746
728: 102019993  41620227, -60399766
729: 102222314  41498009, -60724305
730: 102562050  39166426, -63395624
731: 102872757  40236873, -62635884
732: 103122840  41709433, -61413407
733: 103361575  42530709, -60830866
734: 103860291  39550257, -64310034
735: 103889617  40380730, -63508887
736: 104411972  41853026, -62558946
737: 104549490  41849059, -62700431
738: 104892557  39666138, -65226419
739: 105018977  40497506, -64521471
740: 105350200  42162683, -63187517
741: 105911774  42019677, -63892097
742: 105982800  39682095, -66300705
743: 106151668  40692492, -65459176
744: 106328384  42447062, -63881322
745: 106388224  40683897, -65704327
746: 106768608  39836651, -66931957
747: 110296902  41019828, -69277074
748: 107279733  41925105, -65354628
749: 107557740  43499946, -64057794
750: 108204216  39410256, -68793960
751: 108280538  40206720, -68073818
752: 108553152  41863739, -66689413
753: 108739080  43097272, -65641808
754: 109185816  43091665, -66094151
755: 109491644  40594388, -68897256
756: 109666740  42058813, -67607927
757: 110017377  43245213, -66772164
758: 110460126  43378963, -67081163
759: 110746091  41023652, -69722439
760: 110890359  42434539, -68455820
761: 111046290  43371042, -67675248
762: 111599231  43521255, -68077976
763: 113791219  40860628, -72930591
764: 112047205  42514741, -69532464
765: 112166917  43573987, -68592930
766: 112925296  43805528, -69119768
767: 112941559  41222152, -71719407
768: 113107218  42928322, -70178896
769: 113944675  44307508, -69637167
770: 114059143  42508602, -71550541
771: 114028429  41254099, -72774330
772: 116651863  43099092, -73552771
773: 114571684  44339923, -70231761
774: 114791503  45645527, -69145976
775: 115412751  40830083, -74582668
776: 115205320  42119392, -73085928
777: 115564741  43837338, -71727403
778: 115990157  45436760, -70553397
779: 117332623  45445702, -71886921
780: 116549563  42956782, -73592781
781: 118602405  44092308, -74510097
782: 117148156  45500028, -71648128
783: 117468768  45206865, -72261903
784: 117745914  43020208, -74725706
785: 118024124  44331027, -73693097
786: 118442322  45448976, -72993346
787: 118603480  45573922, -73029558
788: 119058870  43197249, -75861621
789: 119315623  44298415, -75017208
790: 119663848  45743410, -73920438
791: 119875983  45415363, -74460620
792: 120150942  43321266, -76829676
793: 120453282  44387314, -76065968
794: 120883275  46136064, -74747211
795: 121092599  44700348, -76392251
796: 121382378  43494237, -77888141
797: 121665073  44507614, -77157459
798: 125300270  46118564, -79181706
799: 122296526  46837360, -75459166
800: 122446950  43143165, -79303785
801: 122767200  43871744, -78895456
802: 123307456  45635687, -77671769
803: 123569722  46331894, -77237828
804: 123750045  46558284, -77191761
805: 124704841  44779845, -79924996
806: 124522730  45864089, -78658641
807: 124903283  46631779, -78271504
808: 125000018  46972266, -78027752
809: 126535798  44718872, -81816926
810: 125812040  46219917, -79592123
811: 126011594  46805147, -79206447
812: 126218105  47191008, -79027097
813: 126568450  45595067, -80973383
814: 127006461  47184502, -79821959
815: 127450633  46949790, -80500843
816: 127626949  47274454, -80352495
817: 127976132  45114362, -82861770
818: 128309057  46589897, -81719160
819: 128514028  47590622, -80923406
820: 130514817  48201576, -82313241
821: 129247931  45078671, -84169260
822: 129587204  46859584, -82727620
823: 130094115  47766013, -82328102
824: 130120441  49177446, -80942995
825: 130521792  44744824, -85776968
826: 130900250  46244233, -84656017
827: 131069647  47329976, -83739671
828: 131528422  51146006, -80382416
829: 131606202  48654363, -82951839
830: 132045446  46407290, -85638156
831: 132517532  47444777, -85072755
832: 132529771  48892961, -83636810
833: 132883967  48946437, -83937530
834: 133336418  46959593, -86376825
835: 133679254  47659694, -86019560
836: 135816740  49765706, -86051034
837: 134302224  49021780, -85280444
838: 134824997  47106599, -87718398
839: 135016411  48058535, -86957876
840: 135367812  49322991, -86044821
841: 135777221  49036265, -86740956
842: 136032941  47279297, -88753644
843: 136178460  48061924, -88116536
844: 139060763  49513437, -89547326
845: 136881302  48517281, -88364021
846: 137326294  47380618, -89945676
847: 139073984  48808419, -90265565
848: 139344820  49899733, -89445087
849: 138254956  51670492, -86584464
850: 140203631  47506811, -92696820
851: 138909026  47725002, -91184024
852: 139402820  49409287, -89993533
853: 139560591  50198333, -89362258
854: 140095804  50555027, -89540777
855: 140212061  48230737, -91981324
856: 140857397  49399030, -91458367
857: 140904276  50400163, -90504113
858: 141321935  50516756, -90805179
859: 143933517  48212560, -95720957
860: 142249543  49722227, -92527316
861: 142576612  51000218, -91576394
862: 142923796  50698170, -92225626
863: 143186043  48402789, -94783254
864: 143700417  49926820, -93773597
865: 143727085  50814190, -92912895
866: 146569314  51033580, -95535734
867: 144734002  48542143, -96191859
868: 144912044  50129727, -94782317
869: 145685043  51269768, -94415275
870: 145841163  49856639, -95984524
871: 146168032  50314726, -95853306
872: 146387963  50237579, -96150384
873: 146584929  51177947, -95406982
874: 147040698  52720210, -94320488
875: 147306367  48053388, -99252979
876: 147857896  49446642, -98411254
877: 147915223  51011085, -96904138
878: 148359009  52578606, -95780403
879: 148586833  52133705, -96453128
880: 149301861  50268971, -99032890
881: 149874694  51125308, -98749386
882: 150147190  52732508, -97414682
883: 150537016  52502844, -98034172
884: 150808715  50067245, -100741470
885: 151136960  51415537, -99721423
886: 151579019  52860757, -98718262
887: 152759392  52529736, -100229656
888: 152355264  50460123, -101895141
889: 152443703  51492968, -100950735
890: 153109036  53364586, -99744450
891: 153049271  52521164, -100528107
892: 153557419  50655600, -102901819
893: 154668776  51809256, -102859520
894: 154514898  53561686, -100953212
895: 154972005  52063919, -102908086
896: 154834637  50707124, -104127513
897: 155192732  51775513, -103417219
898: 155803278  53504342, -102298936
899: 155678349  54533153, -101145196
900: 156177931  50133000, -106044931
901: 157941196  52083019, -105858177
902: 156836436  53296521, -103539915
903: 156994622  54054145, -102940477
904: 157903557  54562910, -103340647
905: 158007494  51622450, -106385044
906: 158316056  55571908, -102744148
907: 158544703  53987687, -104557016
908: 158920477  54468847, -104451630
909: 159392025  51906774, -107485251
910: 159679559  53595877, -106083682
911: 159756330  54528324, -105228006
912: 160319178  54626818, -105692360
913: 160827811  52012506, -108815305
914: 161236386  53483778, -107752608
915: 161678718  54639214, -107039504
916: 161730796  54578255, -107152541
917: 162244303  53102247, -109142056
918: 162621547  53710171, -108911376
919: 162763834  54872882, -107890952
920: 163191866  53816213, -109375653
921: 163566289  52300746, -111265543
922: 163987105  53859083, -110128022
923: 164233384  55067272, -109166112
924: 167973942  56575769, -111398173
925: 165386705  51846328, -113540377
926: 165969418  53367781, -112601637
927: 165805395  54617423, -111187972
928: 166355110  56161662, -110193448
929: 166517176  55904845, -110612331
930: 167016918  54189826, -112827092
931: 167217447  54610826, -112606621
932: 167770776  56442578, -111328198
933: 169836080  57198554, -112637526
934: 168568187  53766269, -114801918
935: 168663047  55097593, -113565454
936: 169157599  56493722, -112663877
937: 169355301  56156343, -113198958
938: 169805481  53889509, -115915972
939: 170122547  54747575, -115374972
940: 170415322  56555356, -113859966
941: 170924667  56349486, -114575181
942: 171409996  54033589, -117376407
943: 174116309  55137767, -118978542
944: 172012375  57085588, -114926787
945: 172455251  55151588, -117303663
946: 172985977  54147701, -118838276
947: 173085441  55289234, -117796207
948: 173442230  56990951, -116451279
949: 175364437  58267010, -117097427
950: 174130059  53771021, -120359038
951: 174369762  54502221, -119867541
952: 174820634  56413734, -118406900
953: 175122707  58189964, -116932743
954: 175746565  57465334, -118281231
955: 175924991  55046858, -120878133
956: 176503127  56719378, -119783749
957: 176815389  58049953, -118765436
958: 177115030  57797450, -119317580
959: 177190975  55136425, -122054550
960: 178039315  57101054, -120938261
961: 178336948  58099402, -120237546
962: 178766555  58050151, -120716404
963: 178857310  55382794, -123474516
964: 179484040  57180959, -122303081
965: 179780318  58242050, -121538268
966: 180298907  58148004, -122150903
967: 180583909  55569607, -125014302
968: 181014060  57433648, -123580412
969: 181120190  58732972, -122387218
970: 181772684  56918463, -124854221
971: 181862149  55694783, -126167366
972: 182611813  57584113, -125027700
973: 182749067  58927610, -123821457
974: 183302081  60242578, -123059503
975: 183327110  55104912, -128222198
976: 183886794  57143901, -126742893
977: 184239272  59658918, -124580354
978: 184488195  59681835, -124806360
979: 184718812  59748018, -124970794
980: 185226301  57414616, -127811685
981: 185692715  58393677, -127299038
982: 186144141  60238624, -125905517
983: 189333439  59997643, -129335796
984: 186782253  57526654, -129255599
985: 187384420  58945018, -128439402
986: 187800876  60295568, -127505308
987: 188104871  59996127, -128108744
988: 188444929  57666391, -130778538
989: 189032612  58881677, -130150935
990: 189220309  60441990, -128778319
991: 189429552  60256981, -129172571
992: 189842235  57706979, -132135256
993: 190164658  58844445, -131320213
994: 190703403  60613417, -130089986
995: 190932822  59493667, -131439155
996: 191452142  57973977, -133478165
997: 191676982  59206300, -132470682
998: 192230925  60814732, -131416193
999: 192527232  61904515, -130622717
1000: 193152942  57491418, -135661524
1001: 193536095  58627986, -134908109
1002: 193991310  60518355, -133472955
1003: 193920675  61208310, -132712365
1004: 197026846  61514824, -135512022
1005: 194994041  59020243, -135973798
1006: 195614053  60632847, -134981206
1007: 195729405  61266199, -134463206
1008: 196256213  61690009, -134566204
1009: 196482529  58960625, -137521904
1010: 197053121  60650834, -136402287
1011: 196997089  61560592, -135436497
1012: 197611773  61786359, -135825414
1013: 198271337  59497086, -138774251
1014: 198639346  60947870, -137691476
1015: 201437550  61902010, -139535540
1016: 199246047  62031275, -137214772
1017: 199952733  59733506, -140219227
1018: 200122885  61175874, -138947011
1019: 200444801  62255759, -138189042
1020: 201611867  60777210, -140834657
1021: 201885879  59747437, -142138442
1022: 202414428  61553644, -140860784
1023: 202703665  62750540, -139953125
1024: 203607383  64208443, -139398940
1025: 203511240  59356320, -144154920
1026: 204485020  60930021, -143554999
1027: 204558511  62122161, -142436350
1028: 205428721  63545906, -141882815
1029: 205523412  63324418, -142198994
1030: 206580922  61161217, -145419705
1031: 206790845  62158762, -144632083
1032: 207217837  64075664, -143142173
1033: 207463540  63837420, -143626120
1034: 207966448  61147466, -146818982
1035: 209299664  62671057, -146628607
1036: 208001232  63725614, -144275618
1037: 208367576  63723391, -144644185
1038: 210065761  61419150, -148646611
1039: 209097464  62368508, -146728956
1040: 212011003  64173904, -147837099
1041: 209918090  63920772, -145997318
1042: 210628842  61494643, -149134199
1043: 210681941  62576528, -148105413
1044: 211258805  64282161, -146976644
1045: 211690250  64201413, -147488837
1046: 212376846  61774591, -150602255
1047: 212626591  62807795, -149818796
1048: 212852399  64615259, -148237140
1049: 213285378  66105678, -147179700
1050: 214004839  61564718, -152440121
1051: 213969590  62195051, -151774539
1052: 214627074  64263771, -150363303
1053: 214705587  65266315, -149439272
1054: 215556917  65691964, -149864953
1055: 215547937  64838702, -150709235
1056: 215965135  63891545, -152073590
1057: 216544462  65486551, -151057911
1058: 217045324  65383234, -151662090
1059: 217326359  62825651, -154500708
1060: 219849457  64692606, -155156851
1061: 218050659  65566426, -152484233
1062: 218695024  65867395, -152827629
1063: 218933799  63076587, -155857212
1064: 219312659  64678071, -154634588
1065: 219675152  66033404, -153641748
1066: 220370654  65992971, -154377683
1067: 220454318  63369894, -157084424
1068: 220724594  65051444, -155673150
1069: 221403704  66399137, -155004567
1070: 221786181  64624753, -157161428
1071: 221973582  63205629, -158767953
1072: 222690448  65391334, -157299114
1073: 222842040  66566629, -156275411
1074: 223773503  68152271, -155621232
1075: 223798410  62966054, -160832356
1076: 224266942  64642549, -159624393
1077: 224677063  66199474, -158477589
1078: 225252130  67583290, -157668840
1079: 225412314  67521485, -157890829
1080: 225783045  65141013, -160642032
1081: 226133460  66066272, -160067188
1082: 226934709  68152442, -158782267
1083: 226988239  67575443, -159412796
1084: 227430237  65206379, -162223858
1085: 228185038  66646151, -161538887
1086: 228564577  68249986, -160314591
1087: 228766214  68726545, -160039669
1088: 231288639  65603639, -165685000
1089: 229437127  66544474, -162892653
1090: 230167579  68577586, -161589993
1091: 230376872  68197699, -162179173
1092: 230891051  65545991, -165345060
1093: 231331382  66924831, -164406551
1094: 231905705  68758671, -163147034
1095: 232046290  66681036, -165365254
1096: 232543777  65850379, -166693398
1097: 235074419  67140705, -167933714
1098: 233533918  68830552, -164703366
1099: 233975500  70170918, -163804582
1100: 234190675  65159543, -169031132
1101: 234563325  66307751, -168255574
1102: 235107936  68590229, -166517707
1103: 235840520  70333663, -165506857
1104: 237853036  69856167, -167996869
1105: 236751247  66547734, -170203513
1106: 238526308  68733569, -169792739
1107: 237898224  69591921, -168306303
1108: 237840175  69640752, -168199423
1109: 238221587  67082889, -171138698
1110: 239075063  75168330, -163906733
1111: 239072020  69850843, -169221177
1112: 239373696  69923735, -169449961
1113: 240365015  67302160, -173062855
1114: 240851111  69031847, -171819264
1115: 244084091  70194829, -173889262
1116: 249070673  75128095, -173942578
1117: 244395907  67625724, -176770183
1118: 244124087  69085596, -175038491
1119: 242562537  70842429, -171720108
1120: 242965256  69275635, -173689621
1121: 245198684  67877800, -177320884
1122: 244340039  69522650, -174817389
1123: 244257354  70727302, -173530052
1124: 246832339  72373029, -174459310
1125: 245154414  67453691, -177700723
1126: 245856080  68725234, -177130846
1127: 248018291  70232200, -177786091
1128: 246282959  71832897, -174450062
1129: 246240171  71773173, -174466998
1130: 249077080  69447018, -179630062
1131: 247518768  70348965, -177169803
1132: 247544341  72117868, -175426473
1133: 250173446  71814091, -178359355
1134: 248854033  69433410, -179420623
1135: 249049181  70720347, -178328834
1136: 252486900  72447369, -180039531
1137: 250266940  71971266, -178295674
1138: 250467406  69731166, -180736240
1139: 253395361  70622953, -182772408
1140: 251497891  72693314, -178804577
1141: 251639837  71997010, -179642827
1142: 253627444  69771806, -183855638
1143: 252750711  72029024, -180721687
1144: 253210479  72787582, -180422897
1145: 253465592  71005103, -182460489
1146: 255185373  70758806, -184426567
1147: 254187580  71124007, -183063573
1148: 254638400  72753382, -181885018
1149: 257785386  74397632, -183387754
1150: 255637081  69651877, -185985204
1151: 255962538  70380141, -185582397
1152: 258280358  72087867, -186192491
1153: 257201665  73625814, -183575851
1154: 257448384  73595737, -183852647
1155: 257924574  70762205, -187162369
1156: 258297162  75253555, -183043607
1157: 258821835  73960679, -184861156
1158: 259279050  73852123, -185426927
1159: 261191416  70805058, -190386358
1160: 260365243  72898859, -187466384
1161: 260590313  74002263, -186588050
1162: 263550910  74010158, -189540752
1163: 261622342  71176838, -190445504
1164: 261791135  72964420, -188826715
1165: 262473744  74369548, -188104196
1166: 265009892  74350308, -190659584
1167: 263460695  71437006, -192023689
1168: 263582999  73178563, -190404436
1169: 266268220  74676339, -191591881
1170: 264873370  73106944, -191766426
1171: 264903845  71635135, -193268710
1172: 265570348  73163689, -192406659
1173: 268105782  75077960, -193027822
1174: 266608201  76528483, -190079718
1175: 266749168  70739503, -196009665
1176: 269938927  72588436, -197350491
1177: 268029033  76305184, -191723849
1178: 268508192  76062896, -192445296
1179: 268565134  75778705, -192786429
1180: 271993974  73578992, -198414982
1181: 269200897  74261409, -194939488
1182: 269770140  76370466, -193399674
1183: 270556055  75838995, -194717060
1184: 275312265  73341712, -201970553
1185: 277679792  75053496, -202626296
1186: 271238884  76391547, -194847337
1187: 273415516  77283827, -196131689
1188: 277580075  74434131, -203145944
1189: 273085136  74825160, -198259976
1190: 276076022  77141756, -198934266
1191: 274944206  76362082, -198582124
1192: 275363453  74015000, -201348453
1193: 287690791  75072023, -212618768
1194: 286045592  77147896, -208897696
1195: 278879286  75626682, -203252604
1196: 280088308  76370952, -203717356
1197: 278692867  75251625, -203441242
1198: 279432036  77279023, -202153013
1199: 288774020  78682096, -210091924
1200: 284960010  73364187, -211595823
1201: 278921787  74573048, -204348739
1202: 279543561  76487159, -203056402
1203: 278736749  77544585, -201192164
1204: 281319619  77583090, -203736529
1205: 279975970  74853293, -205122677
1206: 280381236  77038191, -203343045
1207: 280644594  77959192, -202685402
1208: 284166737  77993287, -206173450
1209: 281413861  76144330, -205269531
1210: 284199806  77202884, -206996922
1211: 282777400  78076438, -204700962
1212: 286285535  78315428, -207970107
1213: 289360951  76613305, -212747646
1214: 287649294  77735561, -209913733
1215: 284637499  78509985, -206127514
1216: 284843314  78158826, -206684488
1217: 288448877  75726266, -212722611
1218: 285973617  77528768, -208444849
1219: 286503299  79053205, -207450094
1220: 286579898  77435572, -209144326
1221: 289003059  76376750, -212626309
1222: 288253666  80077304, -208176362
1223: 288077608  79167562, -208910046
1224: 288661004  80906143, -207754861
1225: 288745031  75535165, -213209866
1226: 291365309  77186505, -214178804
1227: 293755413  79119755, -214635658
1228: 289938264  80406298, -209531966
1229: 291365102  80792693, -210572409
1230: 294496234  77708756, -216787478
1231: 294556194  79324114, -215232080
1232: 293655667  80553094, -213102573
1233: 292943247  80565667, -212377580
1234: 294652346  78085343, -216567003
1235: 302907125  81677920, -221229205
1236: 298324935  81399271, -216925664
1237: 298159673  81452694, -216706979
1238: 298460024  78575105, -219884919
1239: 301096162  80486312, -220609850
1240: 296783052  81499271, -215283781
1241: 299516866  80838671, -218678195
1242: 297367167  79312769, -218054398
1243: 297408766  79348659, -218060107
1244: 298028536  81379991, -216648545
1245: 298503773  79873539, -218630234
1246: 301329354  78456492, -222872862
1247: 299746085  81629996, -218116089
1248: 299912517  81164026, -218748491
1249: 300498194  83012768, -217485426
1250: 301244106  77856280, -223387826
1251: 303551923  78905337, -224646586
1252: 303883668  81305355, -222578313
1253: 302599975  82358376, -220241599
1254: 303052889  82649994, -220402895
1255: 303454429  79285848, -224168581
1256: 304948642  81140878, -223807764
1257: 306029732  82679395, -223350337
1258: 304938588  84692151, -220246437
1259: 305050791  79392556, -225658235
1260: 305508535  81602318, -223906217
1261: 306899853  82895413, -224004440
1262: 309175712  82804688, -226371024
1263: 309726655  79938978, -229787677
1264: 309721495  82865873, -226855622
1265: 308626446  83295887, -225330559
1266: 309139251  84077024, -225062227
1267: 309299547  79961799, -229337748
1268: 311917973  81903823, -230014150
1269: 312557556  83747366, -228810190
1270: 311110560  81389922, -229720638
1271: 311358796  80424187, -230934609
1272: 311456859  82127926, -229328933
1273: 312116874  83884573, -228232301
1274: 315617089  85658888, -229958201
1275: 316197599  79921177, -236276422
1276: 313730374  82316417, -231413957
1277: 313923304  83149871, -230773433
1278: 314424281  84914848, -229509433
1279: 315183699  84719940, -230463759
1280: 318367368  82220712, -236146656
1281: 319035125  83553640, -235481485
1282: 317261695  86980094, -230281601
1283: 317089830  84878309, -232211521
1284: 317554894  82172139, -235382755
1285: 318213657  83803285, -234410372
1286: 321036602  85406138, -235630464
1287: 321488533  85122900, -236365633
1288: 319595286  85163046, -234432240
1289: 320134982  83628233, -236506749
1290: 320771754  85733185, -235038569
1291: 320789857  85246715, -235543142
1292: 322470018  82552787, -239917231
1293: 325171085  83856262, -241314823
1294: 326390964  86241593, -240149371
1295: 323232562  83808212, -239424350
1296: 323360025  82772828, -240587197
1297: 323940706  83988107, -239952599
1298: 324407434  85993817, -238413617
1299: 327652180  87247149, -240405031
1300: 328235553  82053001, -246182552
1301: 328220204  84017412, -244202792
1302: 326682263  85637333, -241044930
1303: 326907032  86853657, -240053375
1304: 327317646  86741224, -240576422
1305: 327920415  83803062, -244117353
1306: 330523663  85970363, -244553300
1307: 331051585  86862596, -244188989
1308: 331396905  86965685, -244431220
1309: 330067091  84634156, -245432935
1310: 330607029  86739160, -243867869
1311: 330745841  87068063, -243677778
1312: 331368798  87179459, -244189339
1313: 331755139  84280205, -247474934
1314: 334148396  86391483, -247756913
1315: 334940279  87422746, -247517533
1316: 336409402  87520926, -248888476
1317: 334042780  84692458, -249350322
1318: 337152257  86386585, -250765672
1319: 334999554  88914560, -246084994
1320: 335164884  86449836, -248715048
1321: 336173373  84960757, -251212616
1322: 339057030  86573962, -252483068
1323: 339242838  89631625, -249611213
1324: 339716911  90136726, -249580185
1325: 338397844  86048742, -252349102
1326: 339258259  86228908, -253029351
1327: 339125560  88075453, -251050107
1328: 339713221  89546387, -250166834
1329: 339918269  90300228, -249618041
1330: 341053486  86722489, -254330997
1331: 343347349  88323950, -255023399
1332: 344378502  89723535, -254654967
1333: 345453809  91506263, -253947546
1334: 345429584  86930343, -258499241
1335: 343719412  90019802, -253699610
1336: 344035700  90234188, -253801512
1337: 344586769  90852918, -253733851
1338: 345892408  87060541, -258831867
1339: 345934589  88057969, -257876620
1340: 346570626  91034550, -255536076
1341: 346547173  90878943, -255668230
1342: 348925495  87493413, -261432082
1343: 349835743  88607398, -261228345
1344: 349714085  90966016, -258748069
1345: 349394360  92375340, -257019020
1346: 349031559  89344474, -259687085
1347: 349594481  89083261, -260511220
1348: 349783851  90959720, -258824131
1349: 350412401  94591791, -255820610
1350: 350776268  87149978, -263626290
1351: 351156316  88096884, -263059432
1352: 351828303  90147328, -261680975
1353: 352281703  93649097, -258632606
1354: 355194228  95508615, -259685613
1355: 356585902  88537975, -268047927
1356: 357398593  90059609, -267338984
1357: 357603745  94425645, -263178100
1358: 358996038  94356610, -264639428
1359: 355809366  91700625, -264108741
1360: 356217943  92173382, -264044561
1361: 356503811  93899152, -262604659
1362: 357349897  94326169, -263023728
1363: 357854352  88612220, -269242132
1364: 358265994  90808416, -267457578
1365: 358918103  95405288, -263512815
1366: 359648552  96646269, -263002283
1367: 359971370  89291495, -270679875
1368: 360389520  91084527, -269304993
1369: 360636879  95133872, -265503007
1370: 363561420  93092664, -270468756
1371: 363780698  89558480, -274222218
1372: 364257114  91810163, -272446951
1373: 364929658  95720546, -269209112
1374: 365347968  98611597, -266736371
1375: 366623576  88765459, -277858117
1376: 367386504  90214039, -277172465
1377: 367555952  95219688, -272336264
1378: 365842685 100490204, -265352481
1379: 366373825  98078707, -268295118
1380: 366684640  91732089, -274952551
1381: 367529630  94739700, -272789930
1382: 368014004  98024790, -269989214
1383: 368233170  96068079, -272165091
1384: 368463152  91199484, -277263668
1385: 368852692  95321740, -273530952
1386: 369875366  98244821, -271630545
1387: 370201531  96565298, -273636233
1388: 370598005  91599387, -278998618
1389: 371454994  94979689, -276475305
1390: 371904708  99109021, -272795687
1391: 372595488  97120542, -275474946
1392: 372787763  92419719, -280368044
1393: 373440976  95404306, -278036670
1394: 374001187  98868104, -275133083
1395: 374417179  94450938, -279966241
1396: 374823430  92274667, -282548763
1397: 375715971  95776133, -279939838
1398: 376134150  99087279, -277046871
1399: 377072493  99844398, -277228095
1400: 377246847  91628136, -285618711
1401: 379230187  94488758, -284741429
1402: 380719880  98129855, -282590025
1403: 381651100  98930665, -282720435
1404: 381495876  98455057, -283040819
1405: 382749266  95544486, -287204780
1406: 383318988  98118335, -285200653
1407: 383753178  99080967, -284672211
1408: 383511237  98824259, -284686978
1409: 383997762  96141773, -287855989
1410: 384179416  98862285, -285317131
1411: 386081579  99986253, -286095326
1412: 386176726 101068764, -285107962
1413: 385635672  97075468, -288560204
1414: 388291238  98664992, -289626246
1415: 385761652  99525256, -286236396
1416: 385974200  99773833, -286200367
1417: 386252781  96591751, -289661030
1418: 386956766  99016448, -287940318
1419: 387202273 100329848, -286872425
1420: 387253857  98336162, -288917695
1421: 388625732  97087308, -291538424
1422: 389133802  99219865, -289913937
1423: 389785074 100336616, -289448458
1424: 390000952 102355060, -287645892
1425: 390689521  96368029, -294321492
1426: 391458970  98515722, -292943248
1427: 391895105 100283397, -291611708
1428: 392158889 101815281, -290343608
1429: 394546576 102427016, -292119560
1430: 397720777  99482136, -298238641
1431: 394855004 101411767, -293443237
1432: 394389136 102565444, -291823692
1433: 395289140 102750894, -292538246
1434: 395461199  99754683, -295706516
1435: 396267747 102980349, -293287398
1436: 396757507 104540076, -292217431
1437: 398416770 104050260, -294366510
1438: 400060032  99952456, -300107576
1439: 400080641 100673190, -299407451
1440: 401694203 102680382, -299013821
1441: 402348254 103228641, -299119613
1442: 401904828 100295321, -301609507
1443: 402563711 101299781, -301263930
1444: 402971290 103158407, -299812883
1445: 403869314 100729147, -303140167
1446: 401918136 100531581, -301386555
1447: 403300298 103189326, -300110972
1448: 403128683 103218120, -299910563
1449: 403825778 105585507, -298240271
1450: 404591079  99361329, -305229750
1451: 404898423 100642949, -304255474
1452: 405812482 102543476, -303269006
1453: 411501879 105146899, -306354980
1454: 408567784 107529231, -301038553
1455: 410360620 101542805, -308817815
