8:     17432     13019,     -4413
9:     16209     12014,     -4195
10:     13957     13631,      -326
11:     16058     15532,      -526
12:     18194     17851,      -343
13:     21084     20178,      -906
14:     23400     23270,      -130
15:     26560     25746,      -814
16:     30396     29736,      -660
17:     33219     32667,      -552
18:     36121     35763,      -358
19:     39768     39154,      -614
20:     43090     43632,       542
21:     46973     47207,       234
22:     51208     51942,       734
23:     55699     55165,      -534
24:     62021     61251,      -770
25:     68101     67553,      -548
26:     69431     68757,      -674
27:     74625     73807,      -818
28:     79071     78508,      -563
29:     83477     82455,     -1022
30:     89863     89348,      -515
31:     95431     94663,      -768
32:    101382    100630,      -752
33:    106861    105140,     -1721
34:    111529    111130,      -399
35:    118576    118017,      -559
36:    124164    123420,      -744
37:    131898    132543,       645
38:    138725    137222,     -1503
39:    151265    149059,     -2206
40:    157105    157475,       370
41:    166720    164986,     -1734
42:    173369    172515,      -854
43:    183771    181847,     -1924
44:    191617    200457,      8840
45:    211644    208134,     -3510
46:    224127    226384,      2257
47:    218769    216657,     -2112
48:    226653    225428,     -1225
49:    244306    234729,     -9577
50:    244993    251883,      6890
51:    282973    275655,     -7318
52:    267858    258216,     -9642
53:    285289    287454,      2165
54:    287990    286296,     -1694
55:    305614    291457,    -14157
56:    300352    300120,      -232
57:    309137    307436,     -1701
58:    316671    314610,     -2061
59:    325187    324530,      -657
60:    336873    336380,      -493
61:    351332    349173,     -2159
62:    368410    385811,     17401
63:    405141    392906,    -12235
64:    388748    389735,       987
65:    395157    396716,      1559
66:    426475    416545,     -9930
67:    422625    424148,      1523
68:    434067    435322,      1255
69:    468470    445001,    -23469
70:    467476    466521,      -955
71:    479279    503519,     24240
72:    494190    486885,     -7305
73:    503642    526413,     22771
74:    542465    514573,    -27892
75:    533986    532428,     -1558
76:    545170    556634,     11464
77:    565729    564282,     -1447
78:    581565    581049,      -516
79:    589660    589888,       228
80:    606543    605099,     -1444
81:    631973    619967,    -12006
82:    639782    640082,       300
83:    654920    657795,      2875
84:    662956    659073,     -3883
85:    676987    674736,     -2251
86:    700485    708217,      7732
87:    711732    711187,      -545
88:    728731    735955,      7224
89:    745406    736336,     -9070
90:    770431    764255,     -6176
91:    781901    779343,     -2558
92:    784524    780813,     -3711
93:    810567    797702,    -12865
94:    829271    825779,     -3492
95:    848306    846356,     -1950
96:    868365    858207,    -10158
97:    878086    873132,     -4954
98:    890309    884903,     -5406
99:    916420    904909,    -11511
100:    918643    917838,      -805
101:    942115    938880,     -3235
102:    968806    958964,     -9842
103:    982329    978464,     -3865
104:   1000184    968032,    -32152
105:   1032151   1013927,    -18224
106:   1041088   1043256,      2168
107:   1053366   1030297,    -23069
108:   1076636   1040820,    -35816
109:   1104447   1069198,    -35249
110:   1109223   1067520,    -41703
111:   1133790   1109553,    -24237
112:   1149454   1116752,    -32702
113:   1171835   1151944,    -19891
114:   1192270   1140444,    -51826
115:   1214081   1159872,    -54209
116:   1230157   1170228,    -59929
117:   1253470   1205280,    -48190
118:   1268084   1229946,    -38138
119:   1299602   1223706,    -75896
120:   1309739   1239554,    -70185
121:   1335634   1269329,    -66305
122:   1360259   1279840,    -80419
123:   1374659   1300744,    -73915
124:   1397098   1263760,   -133338
125:   1430832   1377413,    -53419
126:   1444720   1390723,    -53997
127:   1469795   1410822,    -58973
128:   1492454   1359673,   -132781
129:   1517991   1409909,   -108082
130:   1535210   1444162,    -91048
131:   1553975   1450539,   -103436
132:   1582191   1555149,    -27042
133:   1611945   1578926,    -33019
134:   1624729   1607737,    -16992
135:   1642556   1610195,    -32361
136:   1674150   1650093,    -24057
137:   1701481   1703564,      2083
138:   1717330   1647490,    -69840
139:   1740836   1696583,    -44253
140:   1777409   1734731,    -42678
141:   1795047   1701987,    -93060
142:   1813508   1735362,    -78146
143:   1845665   1797570,    -48095
144:   1865743   1751434,   -114309
145:   1904641   1802123,   -102518
146:   1917426   1855157,    -62269
147:   1948306   1798180,   -150126
148:   1967295   1847613,   -119682
149:   2012950   1917841,    -95109
150:   2020539   1881747,   -138792
151:   2057132   1909355,   -147777
152:   2070455   1939707,   -130748
153:   2104182   1918131,   -186051
154:   2117065   1952054,   -165011
155:   2146643   2025763,   -120880
156:   2181598   1949873,   -231725
157:   2215168   2000835,   -214333
158:   2224097   2058711,   -165386
159:   2260346   2035555,   -224791
160:   2289060   2079237,   -209823
161:   2309810   2150877,   -158933
162:   2333252   2108082,   -225170
163:   2367276   2150143,   -217133
164:   2410990   2180050,   -230940
165:   2424014   2145735,   -278279
166:   2445737   2212235,   -233502
167:   2475300   2265861,   -209439
168:   2505970   2204102,   -301868
169:   2531999   2250002,   -281997
170:   2554044   2302796,   -251248
171:   2588755   2259230,   -329525
172:   2621539   2320365,   -301174
173:   2655431   2397858,   -257573
174:   2686236   2294620,   -391616
175:   2711375   2352744,   -358631
176:   2742441   2453090,   -289351
177:   2788520   2437430,   -351090
178:   2791867   2478671,   -313196
179:   2824349   2554431,   -269918
180:   2863710   2461973,   -401737
181:   2888141   2558435,   -329706
182:   2923918   2576914,   -347004
183:   2959405   2561316,   -398089
184:   2986251   2601361,   -384890
185:   3211073   2951050,   -260023
186:   3294954   2842153,   -452801
187:   3139471   2679086,   -460385
188:   3120617   2729465,   -391152
189:   3145154   2685792,   -459362
190:   3170098   2712350,   -457748
191:   3204619   2816852,   -387767
192:   3237939   2726339,   -511600
193:   3265194   2761990,   -503204
194:   3306632   2841232,   -465400
195:   3331203   2823407,   -507796
196:   3367497   3300900,    -66597
197:   3404915   3419894,     14979
198:   3448373   3447176,     -1197
199:   3471694   3446928,    -24766
200:   3532047   3353720,   -178327
201:   3540564   3372373,   -168191
202:   3550410   3458166,    -92244
203:   3589860   3567585,    -22275
204:   3686742   3462663,   -224079
205:   3667996   3521978,   -146018
206:   3715963   3570289,   -145674
207:   3738032   3687210,    -50822
208:   3771631   3538608,   -233023
209:   3806455   3575130,   -231325
210:   3843588   3655430,   -188158
211:   3873459   3761023,   -112436
212:   3929283   3664383,   -264900
213:   3964448   3718588,   -245860
214:   3994602   3788592,   -206010
215:   4023510   3842667,   -180843
216:   4076310   3791170,   -285140
217:   4109209   3784528,   -324681
218:   4123473   3906485,   -216988
219:   4168120   3946808,   -221312
220:   4209989   3868578,   -341411
221:   4244297   3896410,   -347887
222:   4291292   3991690,   -299602
223:   4312891   4071005,   -241886
224:   4376643   4030840,   -345803
225:   4393375   4020815,   -372560
226:   4437097   4103979,   -333118
227:   4461325   4123170,   -338155
228:   4514550   4059270,   -455280
229:   4544524   4071661,   -472863
230:   4605665   4191924,   -413741
231:   4612765   4262143,   -350622
232:   4673499   4125753,   -547746
233:   4695825   4191421,   -504404
234:   4718565   4302714,   -415851
235:   4768584   4359299,   -409285
236:   4815750   4295480,   -520270
237:   4864799   4284052,   -580747
238:   4903761   4408790,   -494971
239:   4937708   5017189,     79481
240:   4978287   4724716,   -253571
241:   5011321   4808179,   -203142
242:   5043706   4951839,    -91867
243:   5085584   5031693,    -53891
244:   5128502   5280681,    152179
245:   5201041   4869082,   -331959
246:   5225737   4923618,   -302119
247:   5268230   5082685,   -185545
248:   5303740   5192665,   -111075
249:   5347277   5299340,    -47937
250:   5384785   4951437,   -433348
251:   5420946   5072401,   -348545
252:   5470958   5164428,   -306530
253:   5508760   5339923,   -168837
254:   5568787   5361483,   -207304
255:   5598670   5282609,   -316061
256:  12415597   5219719,  -7195878
257:  12451107   5352443,  -7098664
258:  12539249   5452712,  -7086537
259:  12724784   5578694,  -7146090
260:  12675141   5257666,  -7417475
261:  12714036   5361945,  -7352091
262:  12870013   5450054,  -7419959
263:  13108830   5629165,  -7479665
264:  13096335   5696938,  -7399397
265:  13156032   5493294,  -7662738
266:  13365293   5453431,  -7911862
267:  13462754   5638644,  -7824110
268:  13468694   5769315,  -7699379
269:  13552558   5806197,  -7746361
270:  13742006   5499399,  -8242607
271:  13720900   5625549,  -8095351
272:  13887560   5665221,  -8222339
273:  14000262   5985529,  -8014733
274:  14227574   5940217,  -8287357
275:  14310621   5787154,  -8523467
276:  14293793   5785218,  -8508575
277:  14399621   5902009,  -8497612
278:  14391746   5980903,  -8410843
279:  14582950   6067712,  -8515238
280:  14643835   5725921,  -8917914
281:  14714802   5836426,  -8878376
282:  15012425   5988720,  -9023705
283:  15069980   6121534,  -8948446
284:  16266153   6312151,  -9954002
285:  15444579   5965118,  -9479461
286:  15395139   6050371,  -9344768
287:  15478514   6186406,  -9292108
288:  15493309   6266419,  -9226890
289:  15639714   6425473,  -9214241
290:  15772089   6046981,  -9725108
291:  15931516   6158212,  -9773304
292:  15976039   6227278,  -9748761
293:  16037483   6459223,  -9578260
294:  16286987   6545157,  -9741830
295:  16305237   6192318, -10112919
296:  16394155   6277718, -10116437
297:  16475476   6409764, -10065712
298:  16624067   6549043, -10075024
299:  16681623   6652465, -10029158
300:  16771454   6313611, -10457843
301:  16974763   6425739, -10549024
302:  17088893   6592456, -10496437
303:  17166614   6746622, -10419992
304:  17263610   6833870, -10429740
305:  17424458   6427300, -10997158
306:  17670558   6621565, -11048993
307:  17750605   6721265, -11029340
308:  17812653   6990994, -10821659
309:  17776052   6919786, -10856266
310:  17889941   6654992, -11234949
311:  18032962   6730682, -11302280
312:  18284431   6829960, -11454471
313:  18339206   6933571, -11405635
314:  18431032   7051473, -11379559
315:  18586507   6736628, -11849879
316:  18626138   6863314, -11762824
317:  18721604   6991241, -11730363
318:  18876253   7141967, -11734286
319:  18984617   7252771, -11731846
320:  19090607   6962519, -12128088
321:  19155092   7048784, -12106308
322:  19460570   7157831, -12302739
323:  19473868   7333608, -12140260
324:  19527954   7383503, -12144451
325:  20105084   7071370, -13033714
326:  19748287   7185378, -12562909
327:  20092597   7380709, -12711888
328:  20148413   7444803, -12703610
329:  20294579   7614022, -12680557
330:  20393507   7253403, -13140104
331:  20500119   7284775, -13215344
332:  20518832   7461804, -13057028
333:  20833618   7614290, -13219328
334:  20743734   7738092, -13005642
335:  20907786   7390296, -13517490
336:  21008321   7460687, -13547634
337:  21122668   7648019, -13474649
338:  21234781   7708674, -13526107
339:  21401004   7946915, -13454089
340:  21529827   7543937, -13985890
341:  21624365   7650460, -13973905
342:  23075667   8017838, -15057829
343:  21904159   8004200, -13899959
344:  21975953   8126417, -13849536
345:  22209176   7664910, -14544266
346:  22302484   7811302, -14491182
347:  22399331   8006705, -14392626
348:  22475448   8128253, -14347195
349:  22659600   8274082, -14385518
350:  22775543   7865635, -14909908
351:  22955164   7977418, -14977746
352:  23017363   8248211, -14769152
353:  23133942   8289232, -14844710
354:  23290746   8407891, -14882855
355:  23438596   8023394, -15415202
356:  23507118   8123787, -15383331
357:  23643324   8274639, -15368685
358:  24772812   8558523, -16214289
359:  24023845   8659757, -15364088
360:  24104378   8165565, -15938813
361:  24856158   8359922, -16496236
362:  24363362   8448541, -15914821
363:  24616983   8609742, -16007241
364:  24641897   8780717, -15861180
365:  24733682   8315179, -16418503
366:  24898719   8504265, -16394454
367:  25105384   8636272, -16469112
368:  25124436   8848134, -16276302
369:  25279033   8956637, -16322396
370:  25462103   8442673, -17019430
371:  25611485   8585243, -17026242
372:  25692606   8801483, -16891123
373:  25803076   9015784, -16787292
374:  25965507   9119522, -16845985
375:  26181677   8714527, -17467150
376:  26231332   8768240, -17463092
377:  26378212   9184235, -17193977
378:  26681359   9140707, -17540652
379:  26825086   9284392, -17540694
380:  26905101   8856936, -18048165
381:  26954389   8952277, -18002112
382:  27179228   9178042, -18001186
383:  27254423   9443064, -17811359
384:  27373719   9472054, -17901665
385:  27479716   9014271, -18465445
386:  29178193   9256888, -19921305
387:  28492385   9464079, -19028306
388:  27954981   9523661, -18431320
389:  28100385   9636218, -18464167
390:  28210214   9129083, -19081131
391:  28456285   9304764, -19151521
392:  28607676   9549159, -19058517
393:  28625701   9705053, -18920648
394:  28851519   9833100, -19018419
395:  28961983   9391405, -19570578
396:  29066634   9448893, -19617741
397:  29184231   9744820, -19439411
398:  29393197   9855858, -19537339
399:  30308631  10064455, -20244176
400:  29685354   9591977, -20093377
401:  29971302   9941741, -20029561
402:  29990108   9896628, -20093480
403:  30250047  10060571, -20189476
404:  30252271  10217930, -20034341
405:  30498415   9738932, -20759483
406:  30532933   9849195, -20683738
407:  30789314  10098858, -20690456
408:  30857537  10281772, -20575765
409:  31020090  10391441, -20628649
410:  31219579   9969873, -21249706
411:  32289716  10061564, -22228152
412:  31478253  10270997, -21207256
413:  31808297  10424301, -21383996
414:  31796202  10488467, -21307735
415:  32030682  10114298, -21916384
416:  32170206  10244548, -21925658
417:  32436168  10543625, -21892543
418:  32444976  10573148, -21871828
419:  32672473  10832165, -21840308
420:  32696922  10318620, -22378302
421:  32882146  10420568, -22461578
422:  33990481  11350128, -22640353
423:  33296207  10802375, -22493832
424:  33388882  10925488, -22463394
425:  33471164  10488596, -22982568
426:  33705165  10583734, -23121431
427:  33905939  10850976, -23054963
428:  33973248  10951984, -23021264
429:  34292724  11062078, -23230646
430:  34278632  10656060, -23622572
431:  34456474  10704349, -23752125
432:  34590651  10934526, -23656125
433:  36416181  11133666, -25282515
434:  34895860  11279705, -23616155
435:  35106699  10936528, -24170171
436:  35214370  10994032, -24220338
437:  35371991  11116586, -24255405
438:  35589078  11334503, -24254575
439:  35736301  11503611, -24232690
440:  35829807  11056896, -24772911
441:  36014570  11086026, -24928544
442:  36186262  11262317, -24923945
443:  36401745  11702166, -24699579
444:  36630666  11678496, -24952170
445:  36768808  11147286, -25621522
446:  36965697  11335163, -25630534
447:  37190003  11495591, -25694412
448:  37555033  11717103, -25837930
449:  37535849  11878271, -25657578
450:  37529359  11338303, -26191056
451:  37743349  11453529, -26289820
452:  37932563  11670940, -26261623
453:  38355325  12941240, -25414085
454:  38136763  11981252, -26155511
455:  38365521  11551326, -26814195
456:  38735230  11676909, -27058321
457:  38814348  11931763, -26882585
458:  39069849  12161407, -26908442
459:  39275941  12343787, -26932154
460:  39220064  11756212, -27463852
461:  39493140  11887842, -27605298
462:  39619145  12096269, -27522876
463:  40020877  12386097, -27634780
464:  39882464  12458060, -27424404
465:  39989803  11933589, -28056214
466:  40219221  12097661, -28121560
467:  40626730  12376518, -28250212
468:  40492750  12514378, -27978372
469:  40682803  12774240, -27908563
470:  40872457  12179157, -28693300
471:  41129920  12339846, -28790074
472:  43180868  12639115, -30541753
473:  41723047  12796032, -28927015
474:  41851342  12949430, -28901912
475:  41915889  12373361, -29542528
476:  42657947  12622919, -30035028
477:  42488070  12843768, -29644302
478:  42610664  12924987, -29685677
479:  42575948  13137217, -29438731
480:  42784442  12631770, -30152672
481:  42875512  12746102, -30129410
482:  43530236  13052765, -30477471
483:  43635375  13268323, -30367052
484:  43731305  13351155, -30380150
485:  43939910  12757257, -31182653
486:  43910558  12963237, -30947321
487:  43962085  13093762, -30868323
488:  44084310  13337920, -30746390
489:  44948252  13953628, -30994624
490:  44751123  13059005, -31692118
491:  45004710  13107790, -31896920
492:  45038459  13752981, -31285478
493:  45205354  13534941, -31670413
494:  45183218  13689639, -31493579
495:  45549682  13186646, -32363036
496:  45537058  13325947, -32211111
497:  45666688  13534924, -32131764
498:  45986001  13706802, -32279199
499:  46195281  13959365, -32235916
500:  46325307  13377748, -32947559
501:  46487059  13538097, -32948962
502:  46639228  13725261, -32913967
503:  46910770  14082416, -32828354
504:  47011368  14392865, -32618503
505:  47392287  13854905, -33537382
506:  47683362  13759135, -33924227
507:  48006664  14014094, -33992570
508:  49490653  14541915, -34948738
509:  48094563  14390944, -33703619
510:  48130069  13763610, -34366459
511:  48352464  13953271, -34399193
512:  48483491  14253653, -34229838
513:  48714536  14531424, -34183112
514:  50039737  14868240, -35171497
515:  49140308  13945733, -35194575
516:  49271296  14307025, -34964271
517:  49477045  14507673, -34969372
518:  49661613  14908185, -34753428
519:  50099441  15096638, -35002803
520:  50325562  15499250, -34826312
521:  50304599  15441545, -34863054
522:  50719272  14741294, -35977978
523:  50756688  14902369, -35854319
524:  50905553  15057670, -35847883
525:  50987781  14469556, -36518225
526:  52480213  14726387, -37753826
527:  51406600  15008476, -36398124
528:  51541522  15055521, -36486001
529:  51828865  15351986, -36476879
530:  52025176  14785344, -37239832
531:  52237093  14891732, -37345361
532:  52414936  15089649, -37325287
533:  52821474  15364758, -37456716
534:  52824393  15436717, -37387676
535:  53028358  14815133, -38213225
536:  53377793  15497068, -37880725
537:  53427410  15216749, -38210661
538:  53690093  15596164, -38093929
539:  53806836  15527557, -38279279
540:  53943820  15185826, -38757994
541:  54211505  15193619, -39017886
542:  54476516  15551935, -38924581
543:  54850330  15676209, -39174121
544:  54945332  15708538, -39236794
545:  55176846  15375450, -39801396
546:  55409735  15392393, -40017342
547:  55679320  15605148, -40074172
548:  55808059  15757766, -40050293
549:  56002331  15909293, -40093038
550:  58613005  15449257, -43163748
551:  56471218  15422703, -41048515
552:  56679703  15786363, -40893340
553:  56759014  15882457, -40876557
554:  57296004  16472807, -40823197
555:  57459896  15721591, -41738305
556:  57623257  15969263, -41653994
557:  58265400  15908898, -42356502
558:  58392646  16295280, -42097366
559:  58328375  16325164, -42003211
560:  58378927  15888973, -42489954
561:  58484458  15819040, -42665418
562:  58432414  16218776, -42213638
563:  60980358  16396629, -44583729
564:  58862872  16498201, -42364671
565:  59140208  15947747, -43192461
566:  59615754  16343790, -43271964
567:  60069684  16312423, -43757261
568:  59723240  16590221, -43133019
569:  59892842  16661217, -43231625
570:  60556181  16232562, -44323619
571:  60480581  16487630, -43992951
572:  60498122  16477779, -44020343
573:  60805130  16685429, -44119701
574:  60874150  16982320, -43891830
575:  61170682  16401860, -44768822
576:  61388800  16579168, -44809632
577:  61561514  16705049, -44856465
578:  62105205  17077478, -45027727
579:  62105446  17143696, -44961750
580:  62263120  16657729, -45605391
581:  62724309  16796154, -45928155
582:  63093499  17068905, -46024594
583:  63196242  17229811, -45966431
584:  63309649  17483760, -45825889
585:  63668748  16967005, -46701743
586:  63939851  17086351, -46853500
587:  64119695  17327724, -46791971
588:  64201752  17385366, -46816386
589:  64363182  17596016, -46767166
590:  64744770  17043791, -47700979
591:  64936735  17317437, -47619298
592:  64765956  17386172, -47379784
593:  64918581  17412884, -47505697
594:  65452926  17876435, -47576491
595:  65694480  17309839, -48384641
596:  65902282  17404029, -48498253
597:  65883617  17471992, -48411625
598:  66040274  17990609, -48049665
599:  66330357  17779281, -48551076
600:  66577944  17551940, -49026004
601:  66867830  17601201, -49266629
602:  67001202  17890969, -49110233
603:  67244020  18004419, -49239601
604:  67370181  18179235, -49190946
605:  67902426  17615996, -50286430
606:  67904716  17694778, -50209938
607:  68179073  17882868, -50296205
608:  68342717  18223190, -50119527
609:  68378836  18486297, -49892539
610:  68691328  17653087, -51038241
611:  70028975  17722322, -52306653
612:  69262328  18108617, -51153711
613:  69418133  18511959, -50906174
614:  69756773  18973106, -50783667
615:  70313513  17850237, -52463276
616:  70441860  18336548, -52105312
617:  70811161  18684479, -52126682
618:  70882613  18858809, -52023804
619:  71298813  19020212, -52278601
620:  71388395  18409460, -52978935
621:  71316963  18516046, -52800917
622:  71569546  19011871, -52557675
623:  71999163  18942869, -53056294
624:  71875186  19075908, -52799278
625:  72101401  18659390, -53442011
626:  72427392  18824183, -53603209
627:  72722393  18868404, -53853989
628:  73007746  19168991, -53838755
629:  73099008  19271110, -53827898
630:  73382048  18927593, -54454455
631:  73666487  18986569, -54679918
632:  77062669  18991340, -58071329
633:  74142558  19394780, -54747778
634:  74379850  19512059, -54867791
635:  74634172  19079893, -55554279
636:  74773304  19090320, -55682984
637:  74979830  19414700, -55565130
638:  75286912  19662523, -55624389
639:  75627558  19978499, -55649059
640:  75819246  19126218, -56693028
641:  76053053  19355641, -56697412
642:  76768207  19739294, -57028913
643:  76872723  20150174, -56722549
644:  76992678  20707365, -56285313
645:  77077854  19561826, -57516028
646:  77562154  19659674, -57902480
647:  77953856  20245764, -57708092
648:  77930805  20932553, -56998252
649:  78356803  21212791, -57144012
650:  78346515  19563449, -58783066
651:  78321443  20049022, -58272421
652:  80410913  21019941, -59390972
653:  81045973  21032401, -60013572
654:  78832177  21309704, -57522473
655:  79277747  20371635, -58906112
656:  79442711  20761417, -58681294
657:  79673694  21126140, -58547554
658:  80301789  21483476, -58818313
659:  80411574  21480641, -58930933
660:  80419052  20871658, -59547394
661:  80653015  23105681, -57547334
662:  81186084  21522060, -59664024
663:  81232970  21463649, -59769321
664:  81610924  21917604, -59693320
665:  81653876  21331755, -60322121
666:  82333676  21673607, -60660069
667:  82502767  21590773, -60911994
668:  82646682  22210768, -60435914
669:  83008638  22299758, -60708880
670:  83207222  22641039, -60566183
671:  83236747  21707070, -61529677
672:  83466545  21998891, -61467654
673:  83945952  22508044, -61437908
674:  84045438  22019703, -62025735
675:  84249323  21467199, -62782124
676:  84372296  22133106, -62239190
677:  84563311  22461765, -62101546
678:  84944256  22013370, -62930886
679:  87395221  23420572, -63974649
680:  85421523  22163587, -63257936
681:  85697983  22454979, -63243004
682:  85923327  22154462, -63768865
683:  86119209  22476356, -63642853
684:  86418816  22664413, -63754403
685:  87190597  22361234, -64829363
686:  87565626  22328759, -65236867
687:  87730474  22715043, -65015431
688:  88006976  23091455, -64915521
689:  88568414  22920349, -65648065
690:  88822508  22230453, -66592055
691:  88718722  22581655, -66137067
692:  88872236  22907092, -65965144
693:  91213450  22897616, -68315834
694:  89063885  23079238, -65984647
695:  89244142  22535896, -66708246
696:  89728676  22742831, -66985845
697:  89683732  22775859, -66907873
698:  90127137  23198063, -66929074
699:  90308799  23442702, -66866097
700:  90468561  22583365, -67885196
701:  90973670  22734602, -68239068
702:  91140066  23361970, -67778096
703:  91505330  23334126, -68171204
704:  91562251  23339877, -68222374
705:  92005457  22700879, -69304578
706:  92273589  23194819, -69078770
707:  92480150  23433700, -69046450
708:  92510523  23231791, -69278732
709:  92797960  23607811, -69190149
710:  94214422  23286923, -70927499
711:  93423433  23394547, -70028886
712:  93635239  23176347, -70458892
713:  93982473  23489342, -70493131
714:  94833628  23849506, -70984122
715:  95015960  23526047, -71489913
716:  95259075  23140146, -72118929
717:  95512187  23789893, -71722294
718: 102687815  23770536, -78917279
719:  96628206  23861651, -72766555
720:  95873267  23184750, -72688517
721:  96348565  23447867, -72900698
722:  96280928  23762808, -72518120
723:  96857174  23831639, -73025535
724:  96893067  24240943, -72652124
725:  97268521  23661229, -73607292
726:  98923987  23863723, -75060264
727:  97855758  23969708, -73886050
728:  98145969  24357351, -73788618
729:  98268823  24577066, -73691757
730:  98681023  23649279, -75031744
731:  98860974  23889882, -74971092
732:  99051830  24347780, -74704050
733:  99314039  24704516, -74609523
734: 101816836  26219338, -75597498
735: 110173803  23955727, -86218076
736: 102256216  24431255, -77824961
737: 100350026  24651078, -75698948
738: 101312059  24785150, -76526909
739: 101210453  25237659, -75972794
740: 102483568  24898401, -77585167
741: 101717045  24581546, -77135499
742: 102151382  24449767, -77701615
743: 104392471  25325599, -79066872
744: 103104717  25865451, -77239266
745: 102735887  31130858, -71605029
746: 102896650  25390014, -77506636
747: 104022277  25173464, -78848813
748: 103517206  25339928, -78177278
749: 103871513  25211696, -78659817
750: 104054945  24532385, -79522560
751: 104304362  24703588, -79600774
752: 104907210  25481063, -79426147
753: 105926772  25004529, -80922243
754: 105403870  25502619, -79901251
755: 105673588  24916489, -80757099
756: 107746502  25257300, -82489202
757: 106841279  25990365, -80850914
758: 108225800  26080649, -82145151
759: 107504894  25969661, -81535233
760: 108222450  25491932, -82730518
761: 108430255  25155460, -83274795
762: 108821634  25683860, -83137774
763: 109959877  25809386, -84150491
764: 108428444  25658141, -82770303
765: 108474936  25015838, -83459098
766: 108455878  25710309, -82745569
767: 108878764  25923636, -82955128
768: 108962972  25524251, -83438721
769: 112386871  26140815, -86246056
770: 112468997  25693822, -86775175
771: 111140967  26044244, -85096723
772: 110059929  25708267, -84351662
773: 110236079  25967040, -84269039
774: 110470690  26305068, -84165622
775: 110879249  25637002, -85242247
776: 110994745  25765310, -85229435
777: 113584531  26147017, -87437514
778: 111664077  26442238, -85221839
779: 111975774  26381283, -85594491
780: 112323846  25776671, -86547175
781: 112494653  26124094, -86370559
782: 112789379  26320003, -86469376
783: 113149519  26317252, -86832267
784: 116601502  26835329, -89766173
785: 113732548  26197678, -87534870
786: 114057921  26443493, -87614428
787: 114485051  26413634, -88071417
788: 114848443  26776360, -88072083
789: 114958107  27064561, -87893546
790: 115349136  26403520, -88945616
791: 115831806  26411016, -89420790
792: 116013275  26940134, -89073141
793: 116450680  27224754, -89225926
794: 116515985  26995959, -89520026
795: 116886846  26364909, -90521937
796: 117107164  26894183, -90212981
797: 124679291  28788414, -95890877
798: 118754748  26864536, -91890212
799: 118200996  27381660, -90819336
800: 118354749  26976029, -91378720
801: 118860155  27121790, -91738365
802: 118830180  26835582, -91994598
803: 119393738  27425185, -91968553
804: 120387123  27714898, -92672225
805: 120118714  27144450, -92974264
806: 120367362  27031540, -93335822
807: 120902552  27424944, -93477608
808: 121049445  27761077, -93288368
809: 121409979  27753637, -93656342
810: 123408797  28557080, -94851717
811: 122339529  27346880, -94992649
812: 122322986  27677635, -94645351
813: 122926437  27572351, -95354086
814: 123060133  28187124, -94873009
815: 123487915  27513112, -95974803
816: 123660553  28002970, -95657583
817: 124036653  27745079, -96291574
818: 124337470  27966969, -96370501
819: 126464966  28729724, -97735242
820: 127918146  27895430, -100022716
821: 125296806  27826789, -97470017
822: 125663432  28186077, -97477355
823: 126298248  28545337, -97752911
824: 126231299  28116493, -98114806
825: 126517849  27635241, -98882608
826: 126888905  28159778, -98729127
827: 127475425  28554281, -98921144
828: 127591641  28162617, -99429024
829: 130022299  28688867, -101333432
830: 128191103  28325362, -99865741
831: 128569097  28526713, -100042384
832: 129035815  28224488, -100811327
833: 129168153  28497877, -100670276
834: 129475940  29007082, -100468858
835: 131797549  28428070, -103369479
836: 130061442  28300150, -101761292
837: 130406307  28784166, -101622141
838: 130674565  29187921, -101486644
839: 131056180  28997555, -102058625
840: 131114290  28185497, -102928793
841: 131852810  28532216, -103320594
842: 132080600  28930867, -103149733
843: 132640195  29090314, -103549881
844: 132603468  29549397, -103054071
845: 133020968  28641928, -104379040
846: 133236138  29030011, -104206127
847: 133676383  29024785, -104651598
848: 133673139  29441241, -104231898
849: 134044935  29843290, -104201645
850: 134525359  28912987, -105612372
851: 134978074  29049439, -105928635
852: 136648967  30038319, -106610648
853: 135397461  29932746, -105464715
854: 135806806  29566634, -106240172
855: 136310013  28953741, -107356272
856: 136611714  29622857, -106988857
857: 136792603  29851291, -106941312
858: 138721660  29678845, -109042815
859: 137800825  30147645, -107653180
860: 137758203  29685645, -108072558
861: 138326520  29960177, -108366343
862: 138522950  29737628, -108785322
863: 138846758  30022414, -108824344
864: 139189515  30565161, -108624354
865: 140211357  29898678, -110312679
866: 139670085  29747994, -109922091
867: 141690622  30192925, -111497697
868: 140354784  30527555, -109827229
869: 140838329  30687199, -110151130
870: 140978523  29856958, -111121565
871: 141427742  30071698, -111356044
872: 141798518  30382740, -111415778
873: 142078019  30517580, -111560439
874: 142158980  30933643, -111225337
875: 142733596  30200412, -112533184
876: 142891380  30492202, -112399178
877: 143193767  30545778, -112647989
878: 146568562  31029438, -115539124
879: 144019992  31230738, -112789254
880: 144187603  30375386, -113812217
881: 144526261  30490594, -114035667
882: 144898860  31123104, -113775756
883: 145835855  32078546, -113757309
884: 146649580  31163181, -115486399
885: 152580799  30632721, -121948078
886: 146289647  31028438, -115261209
887: 150067621  31284580, -118783041
888: 146764755  31238016, -115526739
889: 147252344  31718156, -115534188
890: 147523949  31256568, -116267381
891: 148219090  31357215, -116861875
892: 148340039  31228170, -117111869
893: 148879886  31528744, -117351142
894: 151333513  32082000, -119251513
895: 149423270  31368530, -118054740
896: 149500233  31469141, -118031092
897: 150024342  31734273, -118290069
898: 150153210  32038745, -118114465
899: 151998672  32747401, -119251271
900: 150646664  31228279, -119418385
901: 151054182  31647479, -119406703
902: 151335818  32045362, -119290456
903: 151864449  31964259, -119900190
904: 152036584  32527676, -119508908
905: 152633295  31610826, -121022469
906: 152686009  31925915, -120760094
907: 153299179  32016689, -121282490
908: 153472140  32511906, -120960234
909: 153883755  33087917, -120795838
910: 154148685  31924358, -122224327
911: 154476963  32004918, -122472045
912: 154696737  32521370, -122175367
913: 155939878  33450965, -122488913
914: 155780350  32822535, -122957815
915: 155993830  32028785, -123965045
916: 161447702  32583223, -128864479
917: 156569036  33092287, -123476749
918: 156837410  32696911, -124140499
919: 157295930  33276573, -124019357
920: 157705922  32717035, -124988887
921: 158052007  32930662, -125121345
922: 158475813  32863281, -125612532
923: 158994519  33187957, -125806562
924: 159277757  33571092, -125706665
925: 159637396  32836044, -126801352
926: 159745746  32858243, -126887503
927: 160319421  33359559, -126959862
928: 160477877  33754424, -126723453
929: 160870076  33482570, -127387506
930: 161413830  32809012, -128604818
931: 161621692  32969066, -128652626
932: 161776100  33528391, -128247709
933: 162204489  33356440, -128848049
934: 164038364  33970653, -130067711
935: 163280623  33266982, -130013641
936: 163342126  33615740, -129726386
937: 163805328  33548112, -130257216
938: 164121938  34144362, -129977576
939: 167603156  34723054, -132880102
940: 164746574  33576595, -131169979
941: 165152536  33565630, -131586906
942: 165475856  34151545, -131324311
943: 165826172  34279163, -131547009
944: 169373557  34040431, -135333126
945: 166428138  33384810, -133043328
946: 167096528  34132147, -132964381
947: 167554686  34474035, -133080651
948: 167448666  33969709, -133478957
949: 167758739  34588870, -133169869
950: 168206381  34234808, -133971573
951: 168795805  34233392, -134562413
952: 168943622  34038826, -134904796
953: 169568926  34522424, -135046502
954: 169828852  34849391, -134979461
955: 170208781  33981436, -136227345
956: 170293738  34084189, -136209549
957: 170790935  34596190, -136194745
958: 173245451  34936927, -138308524
959: 171839993  36484640, -135355353
960: 171972022  34080248, -137891774
961: 173276788  34623270, -138653518
962: 174684348  34916976, -139767372
963: 173842425  35568946, -138273479
964: 173050983  38604024, -134446959
965: 174902914  34804712, -140098202
966: 174429626  35038997, -139390629
967: 176598651  36421161, -140177490
968: 174612802  38739698, -135873104
969: 178094153  39520541, -138573612
970: 176288085  35270183, -141017902
971: 176374276  36612761, -139761515
972: 176229250  38892025, -137337225
973: 176829712  39211498, -137618214
974: 177061537  40070949, -136990588
975: 177306763  37544564, -139762199
976: 177748039  38889637, -138858402
977: 178025150  39459994, -138565156
978: 178405238  40146891, -138258347
979: 178949460  41064148, -137885312
980: 181465422  39221530, -142243892
981: 179713031  39766706, -139946325
982: 179721774  40556580, -139165194
983: 180356540  40772320, -139584220
984: 180378596  40170942, -140207654
985: 181010519  40012133, -140998386
986: 181317061  40472047, -140845014
987: 182005094  40891672, -141113422
988: 182053196  40190835, -141862361
989: 182737815  40706346, -142031469
990: 187415686  41842759, -145572927
991: 185938950  42121563, -143817387
992: 183397261  40248185, -143149076
993: 184028057  40649514, -143378543
994: 184423194  41370198, -143052996
995: 184879030  40596639, -144282391
996: 185039575  40450579, -144588996
997: 189606837  41482844, -148123993
998: 185841017  41241854, -144599163
999: 186060230  41971518, -144088712
1000: 186530774  40060738, -146470036
1001: 186866179  40449009, -146417170
1002: 187262517  41641326, -145621191
1003: 187774385  41817427, -145956958
1004: 188085881  41112398, -146973483
1005: 188483007  40803193, -147679814
1006: 188770285  41294445, -147475840
1007: 189209516  41768062, -147441454
1008: 191974163  41278672, -150695491
1009: 189990568  41655143, -148335425
1010: 190311428  42964655, -147346773
1011: 190802157  41761692, -149040465
1012: 193896518  41155641, -152740877
1013: 191411986  41694469, -149717517
1014: 191882068  42535260, -149346808
1015: 192311852  41942599, -150369253
1016: 195954770  41398923, -154555847
1017: 193120768  41941226, -151179542
1018: 197757152  42739125, -155018027
1019: 196453184  43122455, -153330729
1020: 198026968  46153322, -151873646
1021: 195307732  41808359, -153499373
1022: 199136040  42859071, -156276969
1023: 196368551  42932200, -153436351
1024: 198894802  42023973, -156870829
1025: 197103580  41991692, -155111888
1026: 205194426  42541147, -162653279
1027: 198616123  43022246, -155593877
1028: 201552474  42189008, -159363466
1029: 200722366  42819735, -157902631
1030: 199480442  42797156, -156683286
1031: 200257234  42968163, -157289071
1032: 201097283  42307260, -158790023
1033: 200613864  42784451, -157829413
1034: 200435473  43616337, -156819136
1035: 203246699  43070934, -160175765
1036: 202714212  42534792, -160179420
1037: 203818780  43468961, -160349819
1038: 202295316  44254182, -158041134
1039: 204006080  44348865, -159657215
1040: 205170606  42168723, -163001883
1041: 203371484  42751034, -160620450
1042: 205118178  43685614, -161432564
1043: 203581044  44073678, -159507366
1044: 206618426  43292028, -163326398
1045: 204009654  42914021, -161095633
1046: 204721007  43533545, -161187462
1047: 205254020  43901857, -161352163
1048: 205585703  43237622, -162348081
1049: 205954608  43907027, -162047581
1050: 206494132  43887169, -162606963
1051: 206977797  44054702, -162923095
1052: 207292033  43229784, -164062249
1053: 206572424  43726780, -162845644
1054: 207041319  44516277, -162525042
1055: 207677709  43568722, -164108987
1056: 207995696  43422166, -164573530
1057: 209053410  44445711, -164607699
1058: 215419886  45239274, -170180612
1059: 212193871  45684442, -166509429
1060: 208996671  43107374, -165889297
1061: 209665507  43724725, -165940782
1062: 209905579  44337518, -165568061
1063: 213010906  44898743, -168112163
1064: 210430030  44073869, -166356161
1065: 211409725  43933432, -167476293
1066: 211859892  44525731, -167334161
1067: 212570535  45070336, -167500199
1068: 212304798  44193864, -168110934
1069: 212972571  44761882, -168210689
1070: 213321483  44573918, -168747565
1071: 213666674  44747047, -168919627
1072: 213595032  44228848, -169366184
1073: 214364485  44617606, -169746879
1074: 218179288  45559093, -172620195
1075: 215427326  44636744, -170790582
1076: 215570636  44541948, -171028688
1077: 215954401  44675903, -171278498
1078: 216652639  45510879, -171141760
1079: 217223301  46011118, -171212183
1080: 217276023  44394504, -172881519
1081: 218399694  44536779, -173862915
1082: 218389763  45542187, -172847576
1083: 219141819  45997235, -173144584
1084: 218900724  45050359, -173850365
1085: 223005206  44956107, -178049099
1086: 219810760  45500470, -174310290
1087: 220583276  45899763, -174683513
1088: 220465868  45068727, -175397141
1089: 221329955  45849045, -175480910
1090: 221681553  45717510, -175964043
1091: 222256567  45840904, -176415663
1092: 225324236  45362744, -179961492
1093: 222873078  45814116, -177058962
1094: 223330106  46499809, -176830297
1095: 223924437  45892584, -178031853
1096: 223792378  45329519, -178462859
1097: 224544539  45969603, -178574936
1098: 224877217  46720379, -178156838
1099: 226076458  47119609, -178956849
1100: 225168435  45181358, -179987077
1101: 225946392  45582782, -180363610
1102: 226894090  48592419, -178301671
1103: 226862249  47004290, -179857959
1104: 226766897  46058675, -180708222
1105: 227383457  45829495, -181553962
1106: 228265653  46587604, -181678049
1107: 228926571  47187785, -181738786
1108: 228854304  46244868, -182609436
1109: 231673319  46890081, -184783238
1110: 229482400  46739104, -182743296
1111: 230395334  47090621, -183304713
1112: 230492579  46382516, -184110063
1113: 231627352  46652444, -184974908
1114: 232054892  47734303, -184320589
1115: 232765276  46847471, -185917805
1116: 232741691  46506980, -186234711
1117: 232966069  46785379, -186180690
1118: 233219470  47869891, -185349579
1119: 236441388  48110586, -188330802
1120: 234198284  46219615, -187978669
1121: 234724310  46864487, -187859823
1122: 234938425  47569069, -187369356
1123: 235914012  48041505, -187872507
1124: 235628962  47326685, -188302277
1125: 239233214  46932484, -192300730
1126: 236468469  47689796, -188778673
1127: 237243350  48027417, -189215933
1128: 237162755  47425162, -189737593
1129: 238077547  47974034, -190103513
1130: 238804085  47771026, -191033059
1131: 239410308  48310284, -191100024
1132: 238646357  47400050, -191246307
1133: 239791835  48018753, -191773082
1134: 239900244  48953097, -190947147
1135: 243956821  47984096, -195972725
1136: 241024444  47710190, -193314254
1137: 241425702  48263444, -193162258
1138: 244017114  51223032, -192794082
1139: 242664018  49263245, -193400773
1140: 242356138  47398062, -194958076
1141: 242993547  47854487, -195139060
1142: 243799980  48833415, -194966565
1143: 244477230  49179734, -195297496
1144: 244290462  48408522, -195881940
1145: 247275116  48022816, -199252300
1146: 245823876  48781383, -197042493
1147: 248022163  49179936, -198842227
1148: 249709639  48512583, -201197056
1149: 247238003  49058415, -198179588
1150: 247218444  48872052, -198346392
1151: 248304855  50002971, -198301884
1152: 247842826  48654643, -199188183
1153: 248670481  49107761, -199562720
1154: 249265571  49871638, -199393933
1155: 250122879  49554114, -200568765
1156: 249995660  48609087, -201386573
1157: 250797189  49376329, -201420860
1158: 250869252  50035006, -200834246
1159: 251993088  50665508, -201327580
1160: 251223940  48450025, -202773915
1161: 252284651  49073277, -203211374
1162: 252468839  49864316, -202604523
1163: 253605443  50238247, -203367196
1164: 255861374  49609491, -206251883
1165: 254164834  49226349, -204938485
1166: 254109407  49885859, -204223548
1167: 257705706  50434916, -207270790
1168: 254915129  49579854, -205335275
1169: 289589227  50647268, -238941959
1170: 258051446  50481182, -207570264
1171: 257234836  50400376, -206834460
1172: 257036275  49627861, -207408414
1173: 259106478  50302759, -208803719
1174: 257621860  52853575, -204768285
1175: 258380728  50089769, -208290959
1176: 258464991  49903133, -208561858
1177: 259074564  50437378, -208637186
1178: 259424322  53203959, -206220363
1179: 260595882  55630036, -204965846
1180: 260519074  49656664, -210862410
1181: 261281255  50259190, -211022065
1182: 261349827  52979339, -208370488
1183: 262077205  55557352, -206519853
1184: 261951185  53684762, -208266423
1185: 262653127  50718092, -211935035
1186: 263067469  53147422, -209920047
1187: 263824144  55637482, -208186662
1188: 263412511  53901949, -209510562
1189: 264374680  54576996, -209797684
1190: 264526375  55383243, -209143132
1191: 265357019  55617881, -209739138
1192: 265135816  53743565, -211392251
1193: 266112989  54680939, -211432050
1194: 266291515  55674271, -210617244
1195: 267135081  55651547, -211483534
1196: 267011430  54460557, -212550873
1197: 267650103  55208323, -212441780
1198: 268465590  56616336, -211849254
1199: 269190689  57190424, -212000265
1200: 268562429  54400866, -214161563
1201: 269808985  54925405, -214883580
1202: 269743491  56103468, -213640023
1203: 271349418  62328240, -209021178
1204: 270171709  56709099, -213462610
1205: 271156604  55202495, -215954109
1206: 274660689  56253070, -218407619
1207: 272433722  57057074, -215376648
1208: 271909856  57135440, -214774416
1209: 275226261  55936578, -219289683
1210: 273151160  56188618, -216962542
1211: 273937382  56942145, -216995237
1212: 275926945  57570175, -218356770
1213: 274888458  55195294, -219693164
1214: 274617617  56120902, -218496715
1215: 277582105  57149205, -220432900
1216: 275748772  57102241, -218646531
1217: 276591658  55373241, -221218417
1218: 276810784  56434964, -220375820
1219: 277733025  57376052, -220356973
1220: 277265780  56591882, -220673898
1221: 278102676  55329044, -222773632
1222: 278423732  56551861, -221871871
1223: 280363011  58885265, -221477746
1224: 278855601  58657469, -220198132
1225: 279956432  54961940, -224994492
1226: 282629793  56476595, -226153198
1227: 281542611  57466811, -224075800
1228: 280846041  58620320, -222225721
1229: 284090252  58498235, -225592017
1230: 282182139  56557278, -225624861
1231: 283105481  57448018, -225657463
1232: 284626508  58703107, -225923401
1233: 283845220  58648426, -225196794
1234: 283992809  56792601, -227200208
1235: 285025852  57667903, -227357949
1236: 284676965  58779454, -225897511
1237: 285546354  60700065, -224846289
1238: 285910256  56911602, -228998654
1239: 286733552  57946029, -228787523
1240: 289513932  59036823, -230477109
1241: 287361026  58676345, -228684681
1242: 287269222  56922231, -230346991
1243: 288455456  57861585, -230593871
1244: 288432314  59212287, -229220027
1245: 289274861  58240756, -231034105
1246: 289317588  56940490, -232377098
1247: 290395163  58052408, -232342755
1248: 291928264  59540695, -232387569
1249: 291043316  60253448, -230789868
1250: 291301501  56799393, -234502108
1251: 295512682  58103624, -237409058
1252: 291912175  58988825, -232923350
1253: 293908358  59714791, -234193567
1254: 292688071  59542932, -233145139
1255: 293653818  57894463, -235759355
1256: 293880600  59246023, -234634577
1257: 294555789  59879280, -234676509
1258: 294543195  60061199, -234481996
1259: 298335065  58114740, -240220325
1260: 295642572  59636492, -236006080
1261: 296404253  60078589, -236325664
1262: 296570850  60196667, -236374183
1263: 297528876  58382764, -239146112
1264: 296775818  59584128, -237191690
1265: 297843003  60523994, -237319009
1266: 298075731  60336323, -237739408
1267: 300654514  58432473, -242222041
1268: 298970288  59895378, -239074910
1269: 299684275  60493037, -239191238
1270: 299677187  59506465, -240170722
1271: 301076835  58465288, -242611547
1272: 302521571  59943874, -242577697
1273: 301337860  60788628, -240549232
1274: 302923412  62264232, -240659180
1275: 305844027  58496906, -247347121
1276: 302348043  59360788, -242987255
1277: 303416176  60318425, -243097751
1278: 303586165  61555796, -242030369
1279: 305421836  62344163, -243077673
1280: 307875512  59626381, -248249131
1281: 305349202  60434984, -244914218
1282: 305996837  61674939, -244321898
1283: 306633311  61155796, -245477515
1284: 306821166  59424715, -247396451
1285: 310948525  60702187, -250246338
1286: 308750685  61521323, -247229362
1287: 309583004  62436707, -247146297
1288: 309322476  59851305, -249471171
1289: 309821652  60742954, -249078698
1290: 312079281  61802918, -250276363
1291: 312031310  66575468, -245455842
1292: 311389755  59974183, -251415572
1293: 311871275  61328127, -250543148
1294: 312929110  61905512, -251023598
1295: 315613087  61466289, -254146798
1296: 330021966  60499752, -269522214
1297: 314724564  60819482, -253905082
1298: 313958886  62123642, -251835244
1299: 315138337  63175220, -251963117
1300: 315111619  59602595, -255509024
1301: 318900776  60759449, -258141327
1302: 315908668  62775416, -253133252
1303: 317462400  62574423, -254887977
1304: 318239595  62590819, -255648776
1305: 318583586  60959239, -257624347
1306: 320642392  61847194, -258795198
1307: 318870999  63639746, -255231253
1308: 318137555  62874788, -255262767
1309: 318892077  61280286, -257611791
1310: 320562885  61989673, -258573212
1311: 321962099  62968026, -258994073
1312: 321343425  63376453, -257966972
1313: 329310932  61034914, -268276018
1314: 322292062  62326841, -259965221
1315: 322871559  63318235, -259553324
1316: 329251760  63457018, -265794742
1317: 329191099  61691106, -267499993
1318: 323814013  62775573, -261038440
1319: 324910398  69093917, -255816481
1320: 326029750  62930892, -263098858
1321: 324675024  61802457, -262872567
1322: 331110586  62815352, -268295234
1323: 327748299  63568410, -264179889
1324: 326387980  64757816, -261630164
1325: 327838701  60709628, -267129073
1326: 326663021  61951983, -264711038
1327: 337519446  63059409, -274460037
1328: 331884161  64249517, -267634644
1329: 329566041  64180833, -265385208
1330: 329573954  62261278, -267312676
1331: 331596984  63744822, -267852162
1332: 329852685  64527783, -265324902
1333: 331873160  64930497, -266942663
1334: 332460350  62600521, -269859829
1335: 334382345  63980864, -270401481
1336: 331781982  64591560, -267190422
1337: 332707232  66151903, -266555329
1338: 333716953  62713576, -271003377
1339: 334426107  63669930, -270756177
1340: 335127341  64940641, -270186700
1341: 337804037  66896934, -270907103
1342: 336624164  62781594, -273842570
1343: 336648349  64128426, -272519923
1344: 337526265  65714797, -271811468
1345: 337407146  63960419, -273446727
1346: 339223478  62971393, -276252085
1347: 340692156  64106467, -276585689
1348: 342283247  65174767, -277108480
1349: 338534273  66031522, -272502751
1350: 338997472  62294095, -276703377
1351: 339214606  63515743, -275698863
1352: 344257028  64538921, -279718107
1353: 341474900  65634217, -275840683
1354: 343692684  66445748, -277246936
1355: 341796656  64758009, -277038647
1356: 341381432  64664185, -276717247
1357: 342797388  65767377, -277030011
1358: 354206395  65978302, -288228093
1359: 346991982  63731798, -283260184
1360: 344590884  67011907, -277578977
1361: 347917045  66195778, -281721267
1362: 346474370  66162406, -280311964
1363: 345544706  64151230, -281393476
1364: 347251546  65156091, -282095455
1365: 349856073  66436823, -283419250
1366: 348183862  66229020, -281954842
1367: 349059417  68450630, -280608787
1368: 348119271  65584265, -282535006
1369: 354738187  66500368, -288237819
1370: 350596972  65490093, -285106879
1371: 355422179  64531074, -290891105
1372: 349705245  65438063, -284267182
1373: 350375269  66556889, -283818380
1374: 350547308  67583697, -282963611
1375: 352747896  63690745, -289057151
1376: 352623492  64997133, -287626359
1377: 353298131  66148373, -287149758
1378: 354430007  67300409, -287129598
1379: 355275764  68253323, -287022441
1380: 353989742  65375120, -288614622
1381: 354599732  66210852, -288388880
1382: 356048701  67308125, -288740576
1383: 355414598  67085756, -288328842
1384: 356324407  65594239, -290730168
1385: 359296850  66924762, -292372088
1386: 358878614  67729502, -291149112
1387: 359414379  67528187, -291886192
1388: 359444910  65509644, -293935266
1389: 358428219  67925458, -290502761
1390: 358839019  67703916, -291135103
1391: 359965540  68316041, -291649499
1392: 359469386  65794776, -293674610
1393: 360422035  66523497, -293898538
1394: 360581171  67672072, -292909099
1395: 361657356  66502181, -295155175
1396: 363599914  66035383, -297564531
1397: 364531936  66669668, -297862268
1398: 363966919  68064249, -295902670
1399: 365419073  69026081, -296392992
1400: 363782758  66191429, -297591329
1401: 364622352  66379480, -298242872
1402: 365833610  67606315, -298227295
1403: 366476087  68585204, -297890883
1404: 365698917  68639323, -297059594
1405: 366866777  66600607, -300266170
1406: 367483926  67694358, -299789568
1407: 369119048  68742916, -300376132
1408: 369942327  68661013, -301281314
1409: 370561283  66803663, -303757620
1410: 372878940  67793127, -305085813
1411: 371100669  68816808, -302283861
1412: 373858173  69061477, -304796696
1413: 371522547  68197798, -303324749
1414: 372122011  67954690, -304167321
1415: 372775671  69090848, -303684823
1416: 372641614  69582596, -303059018
1417: 373654062  67070832, -306583230
1418: 374155473  68023667, -306131806
1419: 374856582  69395424, -305461158
1420: 374744392  68659374, -306085018
1421: 376072923  67211050, -308861873
1422: 376165371  68314190, -307851181
1423: 378031674  69598263, -308433411
1424: 377527350  70730729, -306796621
1425: 379605110  66805525, -312799585
1426: 379989295  67907126, -312082169
1427: 380396547  69382095, -311014452
1428: 380131300  70515960, -309615340
1429: 380287534  70349142, -309938392
1430: 379863531  69213789, -310649742
1431: 380983372  69063302, -311920070
1432: 380771103  70676874, -310094229
1433: 381844508  70378569, -311465939
1434: 383362374  68304948, -315057426
1435: 382847575  69881610, -312965965
1436: 382111877  70740821, -311371056
1437: 383799312  71504179, -312295133
1438: 384069726  68507750, -315561976
1439: 385707472  69654977, -316052495
1440: 384684652  71116060, -313568592
1441: 386105564  70559286, -315546278
1442: 386309661  68634214, -317675447
1443: 386806091  69508086, -317298005
1444: 388539425  70924815, -317614610
1445: 388185877  69798065, -318387812
1446: 391316246  68644584, -322671662
1447: 391387564  69535935, -321851629
1448: 390840436  71319493, -319520943
1449: 391051328  71781126, -319270202
1450: 391892716  68098539, -323794177
1451: 393021135  69157464, -323863671
1452: 392895052  71144606, -321750446
1453: 394242480  71445354, -322797126
1454: 393843585  71552376, -322291209
1455: 394501627  69769571, -324732056
1456: 396322627  71366622, -324956005
1457: 396059349  71599747, -324459602
1458: 398736056  72196501, -326539555
1459: 396649516  69644699, -327004817
1460: 397609843  71285530, -326324313
1461: 397476258  72131870, -325344388
1462: 397995415  72022673, -325972742
1463: 399509515  70016678, -329492837
1464: 398637100  70853814, -327783286
1465: 400570859  72021231, -328549628
1466: 400459094  72291294, -328167800
1467: 401096417  70179781, -330916636
1468: 400848961  70909642, -329939319
1469: 402787550  72384060, -330403490
1470: 403405858  71256796, -332149062
1471: 403450831  70300568, -333150263
1472: 403556167  71437111, -332119056
1473: 404000861  72271353, -331729508
1474: 405040902  73899479, -331141423
1475: 406292017  69806694, -336485323
1476: 405468849  71041089, -334427760
1477: 406559583  72254269, -334305314
1478: 406826716  73554455, -333272261
1479: 408009157  74233041, -333776116
1480: 407617022  71101159, -336515863
1481: 408475297  72146856, -336328441
1482: 409511186  73907345, -335603841
1483: 409515672  73383373, -336132299
1484: 409493898  71671288, -337822610
1485: 410255088  72497713, -337757375
1486: 411041809  73714548, -337327261
1487: 411462603  74366678, -337095925
1488: 412385173  71780039, -340605134
1489: 413121710  72610151, -340511559
1490: 414448692  73790234, -340658458
1491: 413753377  73655243, -340098134
1492: 412481189  71707996, -340773193
1493: 413199981  72718463, -340481518
1494: 414953200  74175391, -340777809
1495: 415156526  73070773, -342085753
1496: 414677285  71862995, -342814290
1497: 415726287  72884152, -342842135
1498: 416988551  74304846, -342683705
1499: 417200266  75526633, -341673633
1500: 416986447  71710531, -345275916
1501: 417438259  72474336, -344963923
1502: 418318183  73959894, -344358289
1503: 419352708  74887117, -344465591
1504: 419133146  75006656, -344126490
1505: 420446596  74478499, -345968097
1506: 422511772  74099069, -348412703
1507: 423126855  74859143, -348267712
1508: 422804391  74264037, -348540354
1509: 425516870  72974044, -352542826
1510: 424639065  74700222, -349938843
1511: 425791937  75163698, -350628239
1512: 425053514  75141647, -349911867
1513: 425385130  73081536, -352303594
1514: 426686786  74215412, -352471374
1515: 425952880  75558427, -350394453
1516: 425788894  75022771, -350766123
1517: 426405264  73201001, -353204263
1518: 426820124  74677932, -352142192
1519: 429103087  75555231, -353547856
1520: 428165910  74372884, -353793026
1521: 429029793  74516502, -354513291
1522: 429515739  76518812, -352996927
1523: 431695625  75827010, -355868615
1524: 431456855  76588835, -354868020
1525: 432560754  73113260, -359447494
1526: 433378490  74072913, -359305577
1527: 433779519  75259428, -358520091
1528: 433418930  76252558, -357166372
1529: 433410531  76361772, -357048759
1530: 433889455  74638265, -359251190
1531: 434827457  75692783, -359134674
1532: 435127196  76724255, -358402941
1533: 435879527  76779347, -359100180
1534: 436139562  75989905, -360149657
1535: 438287252  75765607, -362521645
1536: 438170317  76684262, -361486055
1537: 439298621  76898072, -362400549
1538: 440551743  74800964, -365750779
1539: 441506381  75679963, -365826418
1540: 439736227  77065351, -362670876
1541: 440614939  76913518, -363701421
1542: 440961679  74850107, -366111572
1543: 442126302  75870123, -366256179
1544: 442191119  76691630, -365499489
1545: 445750812  76448261, -369302551
1546: 444617945  74846417, -369771528
1547: 445485411  75855910, -369629501
1548: 445465622  77233884, -368231738
1549: 445928982  78038586, -367890396
1550: 445820483  74642886, -371177597
1551: 446474239  75454289, -371019950
1552: 448818752  76666760, -372151992
1553: 448011050  78347759, -369663291
1554: 453840706  78404190, -375436516
1555: 450955150  75850759, -375104391
1556: 450758049  77024982, -373733067
1557: 451197071  77948491, -373248580
1558: 451553925  77764799, -373789126
1559: 451840806  76380567, -375460239
1560: 451989922  76905346, -375084576
1561: 452587720  77908517, -374679203
1562: 452791665  79321726, -373469939
1563: 456828860  75754393, -381074467
1564: 455819960  77237112, -378582848
1565: 456297045  78498545, -377798500
1566: 457646921  78385185, -379261736
1567: 455952885  76210832, -379742053
1568: 455452973  77386584, -378066389
1569: 456133225  79112633, -377020592
1570: 459202093  78099271, -381102822
1571: 460192271  76426829, -383765442
1572: 459861007  77389398, -382471609
1573: 459813182  78629885, -381183297
1574: 458930213  80001439, -378928774
1575: 460440081  75391570, -385048511
1576: 460183117  76880855, -383302262
1577: 462742426  78642965, -384099461
1578: 463462667  80559068, -382903599
1579: 465356996  79770966, -385586030
1580: 463348060  78159978, -385188082
1581: 466091937  79114846, -386977091
1582: 464346867  79901756, -384445111
1583: 468140728  81074875, -387065853
1584: 468148213  78003474, -390144739
1585: 467963236  78859691, -389103545
1586: 469842480  80343517, -389498963
1587: 467265894  79704735, -387561159
1588: 467684733  77988233, -389696500
1589: 468578140  79393549, -389184591
1590: 469843159  80064119, -389779040
1591: 471812020  80141548, -391670472
1592: 471128851  77909212, -393219639
1593: 470683322  78442518, -392240804
1594: 471596956  80147024, -391449932
1595: 472209068  80889003, -391320065
1596: 472959526  77786849, -395172677
1597: 474553832  78742599, -395811233
1598: 474258641  80314707, -393943934
1599: 473967181  81181900, -392785281
1600: 473640219  77439292, -396200927
1601: 475031447  79200004, -395831443
1602: 476526609  79827907, -396698702
1603: 480337622  81027755, -399309867
1604: 476729987  80681623, -396048364
1605: 477327310  78473507, -398853803
1606: 477711692  79793359, -397918333
1607: 480355832  85428081, -394927751
1608: 480423427  81195409, -399228018
1609: 481205671  79144126, -402061545
1610: 480752991  80492845, -400260146
1611: 481975242  81249053, -400726189
1612: 485294648  81568917, -403725731
1613: 487429523  79260416, -408169107
1614: 526698540  82719142, -443979398
1615: 484470193  86128376, -398341817
1616: 488449317  85276317, -403173000
1617: 488159659  81177600, -406982059
1618: 492033434  85942163, -406091271
1619: 503515786  82880898, -420634888
1620: 499300714  81407543, -417893171
1621: 549353489  84662078, -464691411
1622: 550187440  90871154, -459316286
1623: 492764997  82746955, -410018042
1624: 492777796  84361123, -408416673
1625: 490264808  79197742, -411067066
1626: 527335059  86921581, -440413478
1627: 535119562  89193123, -445926439
1628: 499198647  84784534, -414414113
1629: 505170280  83432082, -421738198
1630: 494910579  80469618, -414440961
1631: 496539892  81336862, -415203030
1632: 497346232  83331106, -414015126
1633: 513054104  83376159, -429677945
1634: 536313563  81174728, -455138835
1635: 531792717  83016591, -448776126
1636: 526255010  83095771, -443159239
1637: 504721612  85007281, -419714331
1638: 545211213  83150854, -462060359
1639: 561361000  92143613, -469217387
1640: 576085034  91068810, -485016224
1641: 558977984  83541868, -475436116
1642: 508593681  89473675, -419120006
1643: 533458002  82005390, -451452612
1644: 557342376  86281906, -471060470
1645: 502043159  82145859, -419897300
1646: 503871898  81047355, -422824543
1647: 505241721  82106528, -423135193
1648: 503457220  83532338, -419924882
1649: 504701404  84608976, -420092428
1650: 505389236  80446953, -424942283
1651: 507551049  81566721, -425984328
1652: 506919111  83167276, -423751835
1653: 506148573  84159518, -421989055
1654: 540656375 101841854, -438814521
1655: 533957400  82240560, -451716840
1656: 508341809  83364106, -424977703
1657: 510221456  84474255, -425747201
1658: 511848261  84453942, -427394319
1659: 529043354  82530246, -446513108
1660: 554145027  84037655, -470107372
1661: 512641269  84473619, -428167650
1662: 586185968 124389785, -461796183
1663: 514243098  82200383, -432042715
1664: 526430287  84978871, -441451416
1665: 528554752  93363421, -435191331
1666: 520457449  85076494, -435380955
1667: 521327115  83078363, -438248752
1668: 519692814  88481583, -431211231
1669: 566513589  85737546, -480776043
1670: 533935257  85467641, -448467616
1671: 519676675  82319043, -437357632
1672: 522363064  86619268, -435743796
1673: 519071339  87612573, -431458766
1674: 530304892  86873074, -443431818
1675: 520975317  81992791, -438982526
1676: 520067768  83845282, -436222486
1677: 536498372 102364416, -434133956
1678: 523238707  85998846, -437239861
1679: 523181123  86990051, -436191072
1680: 526357446  84138185, -442219261
1681: 525061200  85282591, -439778609
1682: 524135990  86098552, -438037438
1683: 530807652  87196390, -443611262
1684: 562330767  84147069, -478183698
1685: 526903659  85340001, -441563658
1686: 548811937  89169888, -459642049
1687: 588619478  86698384, -501921094
1688: 536589755  84397152, -452192603
1689: 537967842  86924718, -451043124
1690: 531073574  86489775, -444583799
1691: 529836657  86343488, -443493169
1692: 530239773  84421442, -445818331
1693: 541092449  87411937, -453680512
1694: 532799589  87523602, -445275987
1695: 620821633  90274181, -530547452
1696: 547823975  85542094, -462281881
1697: 632205979  85977860, -546228119
1698: 539426278  87171719, -452254559
1699: 536767626  88352470, -448415156
1700: 535341539  84138769, -451202770
1701: 538713828  85185692, -453528136
1702: 537933739  86360786, -451572953
1703: 538098916  87773330, -450325586
1704: 557716067  87630486, -470085581
1705: 539164636  85514127, -453650509
1706: 538652533  86588137, -452064396
1707: 542338494  87894173, -454444321
1708: 543678440  88393337, -455285103
1709: 541533804  85410027, -456123777
1710: 542951668  86970066, -455981602
1711: 542728503  88170367, -454558136
1712: 542620898  87869194, -454751704
1713: 545327618  85868119, -459459499
1714: 545793866 101521063, -444272803
1715: 546946758  88726934, -458219824
1716: 546626091  88004670, -458621421
1717: 546546057  85951167, -460594890
1718: 561360688  87330023, -474030665
1719: 549149375  88468093, -460681282
1720: 549231900  87083039, -462148861
1721: 550561231  86000186, -464561045
1722: 549954379  87577989, -462376390
1723: 552277579  88833822, -463443757
1724: 551544166  89991821, -461552345
1725: 551512863  88317379, -463195484
1726: 554117069  87092503, -467024566
1727: 553195279  88251703, -464943576
1728: 552652777  91183616, -461469161
1729: 555603686  89377969, -466225717
1730: 554967093  87406584, -467560509
1731: 565994048  89300091, -476693957
1732: 556430890  89793326, -466637564
1733: 556607689  90190568, -466417121
1734: 558073337  87506393, -470566944
1735: 558612488  88947945, -469664543
1736: 556922108  90654265, -466267843
1737: 559641470  90398856, -469242614
1738: 559909927  87600474, -472309453
1739: 562070354  88647736, -473422618
1740: 560626269  90155629, -470470640
1741: 564235798  89610346, -474625452
1742: 563619946  87699315, -475920631
1743: 563866920  88933786, -474933134
1744: 564024786  90235283, -473789503
1745: 567551620  88730019, -478821601
1746: 565625581  87673283, -477952298
1747: 568555261  89378765, -479176496
1748: 566462523  90373594, -476088929
1749: 569034995  91184943, -477850052
1750: 568639134  87196864, -481442270
1751: 568880773  88464676, -480416097
1752: 569073098  90028430, -479044668
1753: 573581066  90990535, -482590531
1754: 571541497  90862786, -480678711
1755: 573407050  89054633, -484352417
1756: 571348534  90153081, -481195453
1757: 573399337  91005880, -482393457
1758: 572713644  91136088, -481577556
1759: 577826190  88764069, -489062121
1760: 575233288  90452505, -484780783
1761: 574470641  91632765, -482837876
1762: 576389134  91490202, -484898932
1763: 585370576  90483025, -494887551
1764: 590031436  93410929, -496620507
1765: 591191604  93579234, -497612370
1766: 583726947  92917617, -490809330
1767: 583663426  89836998, -493826428
1768: 581717900  92175072, -489542828
