8:     17928     15969,     -1959
9:     17420     14052,     -3368
10:     14083     13780,      -303
11:     16359     15621,      -738
12:     18164     17974,      -190
13:     20280     20138,      -142
14:     23628     23170,      -458
15:     26730     26384,      -346
16:     29676     29142,      -534
17:     32897     32449,      -448
18:     36131     35898,      -233
19:     41084     38065,     -3019
20:     42736     42295,      -441
21:     47650     47097,      -553
22:     50763     50490,      -273
23:     55498     55074,      -424
24:     59306     59233,       -73
25:     65027     64523,      -504
26:     67840     67232,      -608
27:     75007     74113,      -894
28:     78061     77853,      -208
29:     84062     83774,      -288
30:     93820     92351,     -1469
31:     97307     96517,      -790
32:    106729    105831,      -898
33:    110443    109590,      -853
34:    114453    122019,      7566
35:    121554    121796,       242
36:    126856    125555,     -1301
37:    133586    132546,     -1040
38:    142122    141994,      -128
39:    149086    148427,      -659
40:    158414    157574,      -840
41:    165455    164832,      -623
42:    172627    172322,      -305
43:    184378    183183,     -1195
44:    189826    200416,     10590
45:    210710    210705,        -5
46:    221645    224478,      2833
47:    220100    216760,     -3340
48:    224463    244618,     20155
49:    246066    246319,       253
50:    241853    240578,     -1275
51:    252046    280243,     28197
52:    261982    259023,     -2959
53:    308684    272542,    -36142
54:    283246    282358,      -888
55:    292065    330007,     37942
56:    334458    311779,    -22679
57:    333140    307301,    -25839
58:    318611    317447,     -1164
59:    330248    328897,     -1351
60:    337465    335591,     -1874
61:    347254    346161,     -1093
62:    357982    357083,      -899
63:    370215    368487,     -1728
64:    412076    397853,    -14223
65:    400069    400806,       737
66:    411369    411192,      -177
67:    443066    425099,    -17967
68:    435944    439187,      3243
69:    451036    451030,        -6
70:    471860    472237,       377
71:    483720    483664,       -56
72:    500397    521137,     20740
73:    508719    518779,     10060
74:    521342    520600,      -742
75:    534034    544533,     10499
76:    543431    541672,     -1759
77:    574059    576710,      2651
78:    573394    572213,     -1181
79:    583837    600705,     16868
80:    605407    606073,       666
81:    625251    632515,      7264
82:    634161    633987,      -174
83:    647043    646945,       -98
84:    678202    681729,      3527
85:    684016    671207,    -12809
86:    699894    698665,     -1229
87:    706722    696807,     -9915
88:    719941    717931,     -2010
89:    734804    734516,      -288
90:    751188    762037,     10849
91:    768495    766440,     -2055
92:    797491    779958,    -17533
93:    801553    799937,     -1616
94:    828088    826820,     -1268
95:    847870    836771,    -11099
96:    861880    860521,     -1359
97:    879631    875787,     -3844
98:    893991    887019,     -6972
99:    906914    911595,      4681
100:    918609    915823,     -2786
101:    940229    938743,     -1486
102:    967617    957041,    -10576
103:    983483    986308,      2825
104:    998510    998045,      -465
105:   1018444   1008794,     -9650
106:   1039849   1014667,    -25182
107:   1060576   1031514,    -29062
108:   1075247   1036456,    -38791
109:   1095359   1085453,     -9906
110:   1116143   1088982,    -27161
111:   1133877   1088205,    -45672
112:   1176260   1068300,   -107960
113:   1198325   1122166,    -76159
114:   1195903   1130620,    -65283
115:   1218840   1167512,    -51328
116:   1231316   1147020,    -84296
117:   1256977   1212089,    -44888
118:   1279529   1243566,    -35963
119:   1311660   1215782,    -95878
120:   1317119   1209771,   -107348
121:   1341978   1294425,    -47553
122:   1381532   1267612,   -113920
123:   1395788   1294402,   -101386
124:   1397361   1250698,   -146663
125:   1421352   1358168,    -63184
126:   1444224   1362236,    -81988
127:   1471261   1402079,    -69182
128:   1492871   1360423,   -132448
129:   1528457   1411858,   -116599
130:   1533712   1431556,   -102156
131:   1565446   1441203,   -124243
132:   1580150   1518364,    -61786
133:   1604206   1548797,    -55409
134:   1634775   1575807,    -58968
135:   1648129   1571628,    -76501
136:   1678941   1616208,    -62733
137:   1703321   1676862,    -26459
138:   1722497   1643865,    -78632
139:   1748171   1701014,    -47157
140:   1784102   1714879,    -69223
141:   1802036   1696102,   -105934
142:   1813251   1725044,    -88207
143:   1846393   1784346,    -62047
144:   1867110   1740112,   -126998
145:   1897216   1745053,   -152163
146:   1918572   1819604,    -98968
147:   1952712   1755834,   -196878
148:   1969920   1837943,   -131977
149:   2001128   1875201,   -125927
150:   2020659   1854839,   -165820
151:   2054501   1880455,   -174046
152:   2069626   1937853,   -131773
153:   2100232   1886832,   -213400
154:   2113672   1959091,   -154581
155:   2144257   1992148,   -152109
156:   2191143   1966630,   -224513
157:   2206923   1987047,   -219876
158:   2226389   2055510,   -170879
159:   2261700   2005291,   -256409
160:   2301033   2070114,   -230919
161:   2309666   2108502,   -201164
162:   2342402   2082766,   -259636
163:   2382792   2117514,   -265278
164:   2427432   2160386,   -267046
165:   2425495   2125369,   -300126
166:   2443916   2181262,   -262654
167:   2473444   2256278,   -217166
168:   2512571   2161152,   -351419
169:   2545533   2207117,   -338416
170:   2564701   2305873,   -258828
171:   2583771   2234389,   -349382
172:   2624703   2280545,   -344158
173:   2655710   2329333,   -326377
174:   2682229   2277743,   -404486
175:   2706185   2370917,   -335268
176:   2736495   2425130,   -311365
177:   2767940   2400872,   -367068
178:   2792763   2417230,   -375533
179:   2823371   2555826,   -267545
180:   2874767   2421587,   -453180
181:   2894165   2538979,   -355186
182:   2922412   2582459,   -339953
183:   2956144   2537193,   -418951
184:   2985291   2557665,   -427626
185:   3013522   2652530,   -360992
186:   3038326   2590036,   -448290
187:   3081779   2639400,   -442379
188:   3120412   2668089,   -452323
189:   3148686   2639965,   -508721
190:   3186890   2722173,   -464717
191:   3205399   2778366,   -427033
192:   3236996   2702208,   -534788
193:   3277670   2776597,   -501073
194:   3299421   2816149,   -483272
195:   3337991   2795107,   -542884
196:   3371905   3265437,   -106468
197:   3400796   3297538,   -103258
198:   3435207   3354726,    -80481
199:   3472326   3413850,    -58476
200:   3507987   3351354,   -156633
201:   3552701   3387033,   -165668
202:   3550668   3441897,   -108771
203:   3612114   3572285,    -39829
204:   3683250   3450617,   -232633
205:   3687585   3465025,   -222560
206:   3710464   3574068,   -136396
207:   3737653   3667291,    -70362
208:   3782877   3568898,   -213979
209:   3810587   3588848,   -221739
210:   3838253   3657412,   -180841
211:   3869564   3775011,    -94553
212:   3931394   3630486,   -300908
213:   3957936   3665692,   -292244
214:   3992695   3771913,   -220782
215:   4027966   3810416,   -217550
216:   4059768   3705457,   -354311
217:   4095855   3760724,   -335131
218:   4130414   3862403,   -268011
219:   4165538   3928565,   -236973
220:   4228537   3784147,   -444390
221:   4247397   3874630,   -372767
222:   4284028   3929719,   -354309
223:   4312742   4056625,   -256117
224:   4367794   3892622,   -475172
225:   4406673   3949294,   -457379
226:   4425111   4043327,   -381784
227:   4470435   4093322,   -377113
228:   4505666   4013956,   -491710
229:   4550909   4047318,   -503591
230:   4592662   4124142,   -468520
231:   4615416   4230079,   -385337
232:   4666615   4098356,   -568259
233:   4705151   4156630,   -548521
234:   4723470   4245345,   -478125
235:   4765582   4337441,   -428141
236:   4814441   4204369,   -610072
237:   4863870   4235240,   -628630
238:   4899510   4365466,   -534044
239:   4958106   5009677,     51571
240:   4977383   4718226,   -259157
241:   5022555   4785701,   -236854
242:   5035822   4885566,   -150256
243:   5088924   5026250,    -62674
244:   5130435   5099047,    -31388
245:   5182628   4846946,   -335682
246:   5229480   4909472,   -320008
247:   5283572   5029267,   -254305
248:   5330984   5104383,   -226601
249:   5373916   5270775,   -103141
250:   5378250   4996815,   -381435
251:   5424821   5058256,   -366565
252:   5476865   5211418,   -265447
253:   5524144   5291902,   -232242
254:   5569710   5400557,   -169153
255:   5599263   5068316,   -530947
256:  12253739   5158333,  -7095406
257:  12371935   5354079,  -7017856
258:  12518673   5406050,  -7112623
259:  12548220   5485578,  -7062642
260:  12636530   5222816,  -7413714
261:  12752334   5318060,  -7434274
262:  12844624   5472545,  -7372079
263:  12990990   5538343,  -7452647
264:  13039654   5621215,  -7418439
265:  13152687   5305323,  -7847364
266:  13240805   5401602,  -7839203
267:  13376105   5543548,  -7832557
268:  13467354   5644506,  -7822848
269:  13530015   5782081,  -7747934
270:  13687121   5445977,  -8241144
271:  13733857   5563491,  -8170366
272:  13864244   5670325,  -8193919
273:  13968573   5787201,  -8181372
274:  14038645   5885338,  -8153307
275:  14157025   5633929,  -8523096
276:  14279678   5738846,  -8540832
277:  14375103   5850431,  -8524672
278:  14458035   5935058,  -8522977
279:  14562385   6075764,  -8486621
280:  14665137   5743370,  -8921767
281:  14775703   5834318,  -8941385
282:  14870498   5974907,  -8895591
283:  14989695   6078538,  -8911157
284:  15109346   6194753,  -8914593
285:  15207438   5923561,  -9283877
286:  15375072   6005228,  -9369844
287:  15487679   6157622,  -9330057
288:  15478093   6252121,  -9225972
289:  15635506   6382826,  -9252680
290:  15709924   6011041,  -9698883
291:  15841074   6132065,  -9709009
292:  15902750   6239645,  -9663105
293:  16036881   6381431,  -9655450
294:  16178306   6556858,  -9621448
295:  16275955   6210547, -10065408
296:  16353554   6259390, -10094164
297:  16471511   6423821, -10047690
298:  16572966   6573232,  -9999734
299:  16782521   6671613, -10110908
300:  16860323   6308720, -10551603
301:  16937086   6455142, -10481944
302:  17026004   6589667, -10436337
303:  17190580   6725850, -10464730
304:  17264529   6756363, -10508166
305:  17367304   6505154, -10862150
306:  17508484   6491425, -11017059
307:  17628972   6704181, -10924791
308:  17747832   6785457, -10962375
309:  17832489   6912269, -10920220
310:  18060701   6672852, -11387849
311:  18060800   6725091, -11335709
312:  18185235   6859645, -11325590
313:  18309263   6954684, -11354579
314:  18380862   7025092, -11355770
315:  18602511   6716053, -11886458
316:  18632296   6800436, -11831860
317:  18953583   7033208, -11920375
318:  18880187   7103370, -11776817
319:  19032918   7204021, -11828897
320:  19098047   6896229, -12201818
321:  19223831   7005635, -12218196
322:  19355450   7110591, -12244859
323:  19498079   7251273, -12246806
324:  19586122   7380444, -12205678
325:  19716958   7051418, -12665540
326:  19869876   7154364, -12715512
327:  19983407   7241512, -12741895
328:  20115276   7386833, -12728443
329:  20177168   7502615, -12674553
330:  20301574   7174935, -13126639
331:  20568845   7267487, -13301358
332:  20587357   7422402, -13164955
333:  20673920   7585072, -13088848
334:  20806547   7691617, -13114930
335:  21037229   7361378, -13675851
336:  21060338   7495447, -13564891
337:  21195357   7631145, -13564212
338:  21312046   7714644, -13597402
339:  21462199   7905044, -13557155
340:  21584116   7556527, -14027589
341:  21683607   7583334, -14100273
342:  21831033   7777708, -14053325
343:  21964635   7955185, -14009450
344:  22050742   8108702, -13942040
345:  22405410   7718757, -14686653
346:  22494218   7929454, -14564764
347:  22698600   8097113, -14601487
348:  22906808   8186961, -14719847
349:  22936853   8367238, -14569615
350:  23150170   7944383, -15205787
351:  23071431   7957462, -15113969
352:  23215538   8206384, -15009154
353:  23422797   8424673, -14998124
354:  23718734   8485102, -15233632
355:  23785952   8123556, -15662396
356:  23935710   8262886, -15672824
357:  23977184   8408321, -15568863
358:  24201048   8539856, -15661192
359:  24182484   8610664, -15571820
360:  24208327   8134886, -16073441
361:  24535875   8379421, -16156454
362:  24651956   8485175, -16166781
363:  24586774   8597228, -15989546
364:  24787027   8731280, -16055747
365:  24861531   8302761, -16558770
366:  24977935   8451986, -16525949
367:  25194894   8665635, -16529259
368:  25219144   8802965, -16416179
369:  25377055   8910895, -16466160
370:  25562753   8496723, -17066030
371:  25909126   8622939, -17286187
372:  25987791   8839372, -17148419
373:  26220745   9057832, -17162913
374:  26417279   9188819, -17228460
375:  26476723   8810273, -17666450
376:  26470401   8834365, -17636036
377:  26594272   9090779, -17503493
378:  27027977   9248722, -17779255
379:  26797502   9338846, -17458656
380:  26963963   8922530, -18041433
381:  27041012   8976473, -18064539
382:  27295401   9076306, -18219095
383:  27696448   9402580, -18293868
384:  27791392   9521068, -18270324
385:  27995073   9099214, -18895859
386:  27773158   9285017, -18488141
387:  28230925   9533191, -18697734
388:  28312959   9559899, -18753060
389:  28367127   9830348, -18536779
390:  28522373   9297731, -19224642
391:  28533583   9281863, -19251720
392:  28538888   9505371, -19033517
393:  28743092   9707143, -19035949
394:  30192707   9818014, -20374693
395:  29381129   9398826, -19982303
396:  29191715   9434275, -19757440
397:  29542411   9761365, -19781046
398:  29683219   9870619, -19812600
399:  29621532  10017789, -19603743
400:  29838082   9570505, -20267577
401:  29877886   9638966, -20238920
402:  30110236   9937148, -20173088
403:  30269414  10081462, -20187952
404:  30373749  10167309, -20206440
405:  30528705   9733815, -20794890
406:  30656764   9852120, -20804644
407:  30826595  10081221, -20745374
408:  30947860  10238566, -20709294
409:  31079139  10398590, -20680549
410:  31280432   9956560, -21323872
411:  31580230  10114140, -21466090
412:  31607467  10189639, -21417828
413:  31726594  10396509, -21330085
414:  31916530  10507721, -21408809
415:  32070122  10117484, -21952638
416:  32357116  10225853, -22131263
417:  32383158  10498622, -21884536
418:  33588978  10891267, -22697711
419:  32745524  10702721, -22042803
420:  32790315  10295169, -22495146
421:  32943128  10366649, -22576479
422:  33292911  10587273, -22705638
423:  33316920  10751730, -22565190
424:  33473994  10860300, -22613694
425:  33579191  10411307, -23167884
426:  33782271  10578972, -23203299
427:  34892817  10774599, -24118218
428:  34245391  10919787, -23325604
429:  34212997  11107630, -23105367
430:  34434558  10641769, -23792789
431:  34571230  10727091, -23844139
432:  34688251  10989749, -23698502
433:  34831419  11039740, -23791679
434:  36951098  11217231, -25733867
435:  35327419  10798505, -24528914
436:  35428625  10953545, -24475080
437:  35534396  11170923, -24363473
438:  35654743  11304596, -24350147
439:  35812483  11442271, -24370212
440:  36033047  11030074, -25002973
441:  36170351  11121538, -25048813
442:  36330306  11265168, -25065138
443:  36533688  11538829, -24994859
444:  36718148  11643709, -25074439
445:  36796235  11202975, -25593260
446:  36963679  11349500, -25614179
447:  37147457  11470518, -25676939
448:  37316628  11693029, -25623599
449:  37526396  11927469, -25598927
450:  37642409  11364467, -26277942
451:  37812638  11433582, -26379056
452:  37945012  11651969, -26293043
453:  38103061  11804790, -26298271
454:  38294704  11951630, -26343074
455:  38473574  11528206, -26945368
456:  38600224  11625589, -26974635
457:  38951609  11875372, -27076237
458:  39208513  12150396, -27058117
459:  39349488  12331209, -27018279
460:  39341260  11724996, -27616264
461:  39491544  11870919, -27620625
462:  40017650  12213756, -27803894
463:  40209992  12445845, -27764147
464:  40332389  12530607, -27801782
465:  40135405  11875298, -28260107
466:  40455525  12144611, -28310914
467:  40756168  12400946, -28355222
468:  40809769  12603812, -28205957
469:  40958542  12611698, -28346844
470:  41176358  12190031, -28986327
471:  41463964  12331012, -29132952
472:  41383626  12496607, -28887019
473:  41539945  12663576, -28876369
474:  41883350  12897223, -28986127
475:  42319773  12444341, -29875432
476:  42635752  12642487, -29993265
477:  42509244  12746071, -29763173
478:  42712300  12898086, -29814214
479:  42875248  13078109, -29797139
480:  42988877  12651102, -30337775
481:  43308911  12742601, -30566310
482:  43770173  13015251, -30754922
483:  44054478  13258174, -30796304
484:  43935493  13322795, -30612698
485:  44028863  12788754, -31240109
486:  43886586  12901709, -30984877
487:  44013844  13095760, -30918084
488:  44238406  13256311, -30982095
489:  44412789  13403039, -31009750
490:  44602964  12995154, -31607810
491:  44915608  13061782, -31853826
492:  44970826  13320687, -31650139
493:  45229942  13501959, -31727983
494:  45272901  13672518, -31600383
495:  45792043  13143928, -32648115
496:  45645522  13268189, -32377333
497:  46024308  13577291, -32447017
498:  46517459  13827097, -32690362
499:  46728898  14046985, -32681913
500:  46859774  13398596, -33461178
501:  46605671  13570258, -33035413
502:  47094029  13633416, -33460613
503:  47024284  13917202, -33107082
504:  47145557  14228383, -32917174
505:  47341746  13544662, -33797084
506:  47641536  13732351, -33909185
507:  48130283  13949134, -34181149
508:  47924850  14282932, -33641918
509:  48251321  14292238, -33959083
510:  48302005  13803725, -34498280
511:  48492868  13884573, -34608295
512:  48578719  14185338, -34393381
513:  49310816  14510321, -34800495
514:  49283391  14594358, -34689033
515:  49507957  14054752, -35453205
516:  49912078  14260698, -35651380
517:  49589691  14384694, -35204997
518:  50009215  14714930, -35294285
519:  50064713  14690886, -35373827
520:  50142915  14327530, -35815385
521:  50342486  14460917, -35881569
522:  50571398  14590881, -35980517
523:  51786603  15239715, -36546888
524:  51181919  14840152, -36341767
525:  51286587  14267577, -37019010
526:  51786060  14514247, -37271813
527:  51607204  14859186, -36748018
528:  52073051  14944306, -37128745
529:  51927894  15245090, -36682804
530:  52177438  14695214, -37482224
531:  52437383  14840418, -37596965
532:  52635181  14942333, -37692848
533:  52820194  15259485, -37560709
534:  52976842  15421681, -37555161
535:  53135973  14709565, -38426408
536:  53399109  15134696, -38264413
537:  53525958  15139610, -38386348
538:  53901706  15486354, -38415352
539:  54170210  15462719, -38707491
540:  54106586  14867002, -39239584
541:  54347915  15182216, -39165699
542:  54579327  15389865, -39189462
543:  54936309  15389212, -39547097
544:  54926807  15514331, -39412476
545:  55073549  15213011, -39860538
546:  55308104  15337800, -39970304
547:  55520985  15396629, -40124356
548:  55878805  15698173, -40180632
549:  55865044  15797378, -40067666
550:  56261193  15482160, -40779033
551:  56379109  15611671, -40767438
552:  56430484  15696988, -40733496
553:  56685770  15775473, -40910297
554:  57554264  16052144, -41502120
555:  57236799  15306480, -41930319
556:  57550819  15733543, -41817276
557:  57502636  15683511, -41819125
558:  57740734  16186370, -41554364
559:  58002355  16112204, -41890151
560:  58145475  15803969, -42341506
561:  58898342  15817699, -43080643
562:  58650359  15983394, -42666965
563:  58868202  16265329, -42602873
564:  59053941  16257477, -42796464
565:  59221252  15874086, -43347166
566:  59464251  16098158, -43366093
567:  59886036  16272958, -43613078
568:  60409070  16598781, -43810289
569:  60519254  16661983, -43857271
570:  60405324  16217976, -44187348
571:  60819038  16308155, -44510883
572:  60813755  16279000, -44534755
573:  60930429  16534496, -44395933
574:  61456414  16862523, -44593891
575:  61645637  16271491, -45374146
576:  61488257  16532473, -44955784
577:  61683543  16614911, -45068632
578:  61925688  16884108, -45041580
579:  62161904  16863285, -45298619
580:  62348448  16503124, -45845324
581:  62513925  16670201, -45843724
582:  62991591  16881822, -46109769
583:  63196604  16946460, -46250144
584:  63256833  17216061, -46040772
585:  63620363  16558417, -47061946
586:  63674531  16926941, -46747590
587:  64010687  17185019, -46825668
588:  64453811  17342297, -47111514
589:  64660033  17432807, -47227226
590:  64893656  17093408, -47800248
591:  65273252  17184048, -48089204
592:  65024487  17237557, -47786930
593:  65244075  17535985, -47708090
594:  65541739  17690822, -47850917
595:  65741939  17060676, -48681263
596:  65898988  17092637, -48806351
597:  66129621  17313566, -48816055
598:  66461638  17770320, -48691318
599:  66607792  17684755, -48923037
600:  67069220  17486412, -49582808
601:  67518680  17581497, -49937183
602:  67624752  17855849, -49768903
603:  68098317  18182709, -49915608
604:  70122397  18389644, -51732753
605:  68254370  17582254, -50672116
606:  68347566  17762974, -50584592
607:  68526783  17856731, -50670052
608:  68662796  18176610, -50486186
609:  68664980  18497317, -50167663
610:  69879107  18803817, -51075290
611:  69591615  17832146, -51759469
612:  69915095  18041913, -51873182
613:  69687817  18417103, -51270714
614:  70995001  18819868, -52175133
615:  70289105  17832015, -52457090
616:  70313777  18136646, -52177131
617:  70584291  18489679, -52094612
618:  70840083  18687323, -52152760
619:  71159869  18816742, -52343127
620:  71352874  18326302, -53026572
621:  71636937  18480788, -53156149
622:  71781824  18757348, -53024476
623:  72165770  18873659, -53292111
624:  72615380  18909085, -53706295
625:  72437598  18510006, -53927592
626:  72677588  18765548, -53912040
627:  73076645  18788685, -54287960
628:  73395860  19018608, -54377252
629:  73571666  19411641, -54160025
630:  73816830  18858582, -54958248
631:  74219567  18860670, -55358897
632:  74068216  18984824, -55083392
633:  74342441  19208803, -55133638
634:  74617915  19607397, -55010518
635:  75234100  18982440, -56251660
636:  75605227  18989191, -56616036
637:  75573615  19316284, -56257331
638:  75888883  19711217, -56177666
639:  76276053  19959015, -56317038
640:  75836547  18998075, -56838472
641:  76074555  19114705, -56959850
642:  76353374  19354689, -56998685
643:  76649920  19910544, -56739376
644:  76790421  20756500, -56033921
645:  77139580  19303081, -57836499
646:  77659764  19399716, -58260048
647:  77701794  19999411, -57702383
648:  77927820  20508726, -57419094
649:  78153348  20906796, -57246552
650:  78220666  19398492, -58822174
651:  78554315  20013057, -58541258
652:  78824674  20510301, -58314373
653:  78915048  21066628, -57848420
654:  79282284  21066571, -58215713
655:  79471044  20291385, -59179659
656:  79669008  20611817, -59057191
657:  79941409  21007133, -58934276
658:  80271068  21309372, -58961696
659:  80994519  21304091, -59690428
660:  80760002  20590825, -60169177
661:  80912886  20911068, -60001818
662:  81204915  21252942, -59951973
663:  81363133  21366194, -59996939
664:  81646918  21703004, -59943914
665:  81871785  21109830, -60761955
666:  82374461  21238769, -61135692
667:  82534739  21331378, -61203361
668:  82691504  21748754, -60942750
669:  82938445  22001024, -60937421
670:  83233963  21249300, -61984663
671:  83420021  21372234, -62047787
672:  83576745  21766195, -61810550
673:  84120636  22105205, -62015431
674:  87383653  23372393, -64011260
675:  84388508  21340510, -63047998
676:  84635814  21865760, -62770054
677:  84838932  22281480, -62557452
678:  85303808  21880708, -63423100
679:  85417459  22192902, -63224557
680:  86321096  22189101, -64131995
681:  86103727  22311402, -63792325
682:  88825332  22240574, -66584758
683:  87447447  22601902, -64845545
684:  87739178  22789055, -64950123
685:  87178013  22256307, -64921706
686:  88453329  22264045, -66189284
687:  87994078  22440143, -65553935
688:  87941071  22685901, -65255170
689:  87983979  22558159, -65425820
690:  88345029  21999877, -66345152
691:  91489256  23220042, -68269214
692:  91341174  23458975, -67882199
693:  89266234  22459860, -66806374
694:  91663786  23754398, -67909388
695:  89982308  22535098, -67447210
696:  90995146  22802500, -68192646
697:  90241006  22550995, -67690011
698:  90311392  22937572, -67373820
699:  91663681  23449559, -68214122
700:  90842930  22492296, -68350634
701:  91293706  22602163, -68691543
702:  91306991  23067802, -68239189
703:  92447487  23656209, -68791278
704:  93785165  23374491, -70410674
705:  93943205  23059861, -70883344
706:  92959832  23088137, -69871695
707:  92689501  23188273, -69501228
708:  92944831  22973234, -69971597
709:  93440728  23475700, -69965028
710:  93496000  23145248, -70350752
711:  93682283  23196411, -70485872
712:  93858310  23003119, -70855191
713:  94135120  23391373, -70743747
714:  94652284  23601208, -71051076
715:  95208374  22941926, -72266448
716:  95065961  23095135, -71970826
717:  97300314  23449096, -73851218
718:  95623157  23562962, -72060195
719:  95904981  23634047, -72270934
720:  97338633  23253119, -74085514
721:  96674556  23489041, -73185515
722:  96728675  23687499, -73041176
723:  97141913  23569027, -73572886
724:  97372539  24336089, -73036450
725:  97455304  23444752, -74010552
726:  97724266  23830719, -73893547
727:  98649812  24044333, -74605479
728:  99837915  24639229, -75198686
729:  98608476  24247640, -74360836
730:  99185455  23840742, -75344713
731: 100678494  23687099, -76991395
732: 102523826  24598374, -77925452
733: 100083939  24256990, -75826949
734: 101928248  24266317, -77661931
735: 100392349  23828946, -76563403
736: 101520458  24508630, -77011828
737: 100870453  24404035, -76466418
738: 100857896  24196040, -76661856
739: 102884281  25053583, -77830698
740: 102520098  24469200, -78050898
741: 101812873  24272442, -77540431
742: 102157831  24301263, -77856568
743: 103777540  25020677, -78756863
744: 102670212  24937019, -77733193
745: 103809910  24555345, -79254565
746: 104433180  24712141, -79721039
747: 103881923  24797393, -79084530
748: 103862106  25001038, -78861068
749: 104045011  25379695, -78665316
750: 104358161  24196047, -80162114
751: 104852551  24587020, -80265531
752: 104931727  24990800, -79940927
753: 106025053  25750219, -80274834
754: 106408060  25222070, -81185990
755: 105807208  24784140, -81023068
756: 106140884  25117027, -81023857
757: 106307043  24865053, -81441990
758: 106992144  25393209, -81598935
759: 106833119  25554392, -81278727
760: 107923317  24992569, -82930748
761: 108408287  24894740, -83513547
762: 107836510  26295562, -81540948
763: 108169303  25630863, -82538440
764: 108656294  25345095, -83311199
765: 109042440  24873496, -84168944
766: 109517768  26067703, -83450065
767: 110398547  25791643, -84606904
768: 109901049  25419578, -84481471
769: 110106754  25868853, -84237901
770: 110332955  25499610, -84833345
771: 110655290  25751713, -84903577
772: 110818158  25369413, -85448745
773: 111993458  25993955, -85999503
774: 112843526  26077889, -86765637
775: 111825586  25653290, -86172296
776: 113371988  25691558, -87680430
777: 112557648  25867295, -86690353
778: 112765941  26108370, -86657571
779: 114194885  26350769, -87844116
780: 113645564  26010380, -87635184
781: 113791525  26401850, -87389675
782: 115126591  26949222, -88177369
783: 116283646  26277347, -90006299
784: 114833802  26731510, -88102292
785: 115268614  25962358, -89306256
786: 115342968  26265507, -89077461
787: 116876116  26169219, -90706897
788: 117311832  26688082, -90623750
789: 116321194  26975791, -89345403
790: 116576448  26142653, -90433795
791: 116976336  26265094, -90711242
792: 117253188  26734525, -90518663
793: 119096926  27063848, -92033078
794: 119114411  26826089, -92288322
795: 120835187  26169966, -94665221
796: 118563500  26695810, -91867690
797: 118894022  27359668, -91534354
798: 120847059  26634020, -94213039
799: 119513156  27120881, -92392275
800: 119706951  26701193, -93005758
801: 120136328  27001528, -93134800
802: 120287723  27581218, -92706505
803: 120871755  28379764, -92491991
804: 122172228  27515195, -94657033
805: 122659464  26883735, -95775729
806: 121842951  26870986, -94971965
807: 122187454  27275849, -94911605
808: 122217800  27382358, -94835442
809: 122543140  27666003, -94877137
810: 122887378  26809318, -96078060
811: 123266329  27088097, -96178232
812: 123481615  27465490, -96016125
813: 123896600  27480057, -96416543
814: 124144890  27939334, -96205556
815: 124483282  27319615, -97163667
816: 125012052  27493236, -97518816
817: 125018903  27622341, -97396562
818: 125366326  27783582, -97582744
819: 125865444  28233595, -97631849
820: 126296154  27461219, -98834935
821: 126558833  27440929, -99117904
822: 126695635  28034916, -98660719
823: 128228911  28717503, -99511408
824: 128526133  28185312, -100340821
825: 128192494  28087264, -100105230
826: 127895518  27899074, -99996444
827: 129299532  28335891, -100963641
828: 128806984  28126324, -100680660
829: 131785173  28613505, -103171668
830: 129177240  28053681, -101123559
831: 129560335  28053374, -101506961
832: 129729786  27974323, -101755463
833: 131102213  28701149, -102401064
834: 131302245  28824089, -102478156
835: 130933010  28177983, -102755027
836: 131190445  28112819, -103077626
837: 131347234  28500053, -102847181
838: 132024937  28885527, -103139410
839: 132168583  28866026, -103302557
840: 133402659  28404554, -104998105
841: 132870280  28741849, -104128431
842: 133122835  28832733, -104290102
843: 139397812  29069249, -110328563
844: 133741189  29274797, -104466392
845: 134567398  28754220, -105813178
846: 134591365  28798588, -105792777
847: 134618723  28967386, -105651337
848: 134769737  29327475, -105442262
849: 135816050  30148747, -105667303
850: 136528605  29331063, -107197542
851: 136206697  28995294, -107211403
852: 137163315  29213779, -107949536
853: 138638019  29935716, -108702303
854: 137759500  29814992, -107944508
855: 138586695  29141957, -109444738
856: 137895605  29505472, -108390133
857: 137794005  29778203, -108015802
858: 139362179  29581725, -109780454
859: 138698385  29936842, -108761543
860: 139174615  29536612, -109638003
861: 139885379  29839984, -110045395
862: 140070706  31893928, -108176778
863: 142529688  30464549, -112065139
864: 141035622  30572519, -110463103
865: 142215399  29908939, -112306460
866: 141495728  29635184, -111860544
867: 145496757  30198148, -115298609
868: 142711878  30870708, -111841170
869: 143315612  30431656, -112883956
870: 144222864  30058936, -114163928
871: 143612894  29980347, -113632547
872: 142612651  30163517, -112449134
873: 144712618  30655085, -114057533
874: 143993820  30735324, -113258496
875: 143924404  30159993, -113764411
876: 144066441  30305474, -113760967
877: 144426316  30202404, -114223912
878: 144635388  30936151, -113699237
879: 145041334  31178629, -113862705
880: 145187575  30473391, -114714184
881: 145667593  30334868, -115332725
882: 146989380  31005507, -115983873
883: 147205066  31413261, -115791805
884: 147031051  31078051, -115953000
885: 147262202  30403867, -116858335
886: 147454676  30665816, -116788860
887: 147794065  31057570, -116736495
888: 147874960  30994471, -116880489
889: 148379763  31330436, -117049327
890: 148717947  30981950, -117735997
891: 149299151  31000457, -118298694
892: 149514060  31077423, -118436637
893: 149738465  31413169, -118325296
894: 150796737  31844247, -118952490
895: 151015119  31220640, -119794479
896: 150500330  31246705, -119253625
897: 151112588  31624281, -119488307
898: 152126531  32463242, -119663289
899: 154372071  31875760, -122496311
900: 159463096  31158523, -128304573
901: 152986649  31517363, -121469286
902: 161488221  32262789, -129225432
903: 154417955  32051338, -122366617
904: 154217875  32386435, -121831440
