8:     32597     33389,       792
9:     26090     24584,     -1506
10:     29424     28136,     -1288
11:     33048     32193,      -855
12:     37616     37794,       178
13:     43233     42633,      -600
14:     49255     48420,      -835
15:     54451     60383,      5932
16:     63053     60549,     -2504
17:     70149     69578,      -571
18:     75108     72681,     -2427
19:     87516     81785,     -5731
20:     90474     86730,     -3744
21:     98443    117739,     19296
22:    113529    108749,     -4780
23:    117186    115147,     -2039
24:    123463    122464,      -999
25:    130391    132779,      2388
26:    142483    141718,      -765
27:    155003    149302,     -5701
28:    163016    161928,     -1088
29:    180970    203182,     22212
30:    189335    186259,     -3076
31:    196709    201887,      5178
32:    210282    208875,     -1407
33:    240482    243566,      3084
34:    236054    232933,     -3121
35:    188997    188060,      -937
36:    206792    202180,     -4612
37:    215275    213646,     -1629
38:    218189    215855,     -2334
39:    231540    232330,       790
40:    267935    168028,    -99907
41:    179191    173497,     -5694
42:    190552    181487,     -9065
43:    181543    184102,      2559
44:    189537    190440,       903
45:    197409    196775,      -634
46:    206756    235057,     28301
47:    220220    211915,     -8305
48:    236177    226830,     -9347
49:    236614    238896,      2282
50:    238366    250956,     12590
51:    258059    264132,      6073
52:    263069    263452,       383
53:    271562    274784,      3222
54:    279693    278220,     -1473
55:    296944    298939,      1995
56:    299399    299716,       317
57:    307205    306419,      -786
58:    316960    318956,      1996
59:    333448    332094,     -1354
60:    367602    366951,      -651
61:    358257    356890,     -1367
62:    361432    363624,      2192
63:    401217    371631,    -29586
64:    384849    384365,      -484
65:    395420    393456,     -1964
66:    421614    408790,    -12824
67:    424225    424431,       206
68:    436563    435528,     -1035
69:    464182    448296,    -15886
70:    462475    461017,     -1458
71:    475961    470967,     -4994
72:    497019    495595,     -1424
73:    501129    502339,      1210
74:    525748    514601,    -11147
75:    533680    531218,     -2462
76:    541553    555304,     13751
77:    575760    557176,    -18584
78:    574174    574434,       260
79:    591761    591338,      -423
80:    600406    602190,      1784
81:    617692    615838,     -1854
82:    640093    634626,     -5467
83:    658369    656927,     -1442
84:    662407    662570,       163
85:    679324    678553,      -771
86:    689912    693544,      3632
87:    710335    723816,     13481
88:    718717    724262,      5545
89:    735170    742033,      6863
90:    754736    751782,     -2954
91:    772638    769106,     -3532
92:    787076    785803,     -1273
93:    804841    811356,      6515
94:    813114    815553,      2439
95:    832199    830072,     -2127
96:    850520    853352,      2832
97:    868125    886453,     18328
98:    887677    889016,      1339
99:    908278    904025,     -4253
100:    933498    932071,     -1427
101:    948716    923548,    -25168
102:    961737    938234,    -23503
103:    985691    962116,    -23575
104:    999299    959635,    -39664
105:   1041277   1005007,    -36270
106:   1032126    990484,    -41642
107:   1051412   1005262,    -46150
108:   1075646   1015883,    -59763
109:   1092576   1053011,    -39565
110:   1113309   1072600,    -40709
111:   1130801   1084596,    -46205
112:   1147929   1068344,    -79585
113:   1184628   1116113,    -68515
114:   1187693   1127356,    -60337
115:   1215623   1145305,    -70318
116:   1230994   1136026,    -94968
117:   1255455   1162301,    -93154
118:   1273277   1167158,   -106119
119:   1290272   1192206,    -98066
120:   1321370   1224965,    -96405
121:   1340567   1265728,    -74839
122:   1363251   1263198,   -100053
123:   1378627   1280062,    -98565
124:   1394574   1312809,    -81765
125:   1417135   1330295,    -86840
126:   1437304   1356430,    -80874
127:   1463873   1391021,    -72852
128:   1485891   1388415,    -97476
129:   1514121   1400796,   -113325
130:   1561825   1545778,    -16047
131:   1558057   1543601,    -14456
132:   1577095   1520284,    -56811
133:   1599240   1550052,    -49188
134:   1643182   1599297,    -43885
135:   1648793   1574121,    -74672
136:   1674253   1621386,    -52867
137:   1692823   1659672,    -33151
138:   1721755   1631917,    -89838
139:   1740435   1671785,    -68650
140:   1773290   1708588,    -64702
141:   1790770   1678056,   -112714
142:   1817204   1740834,    -76370
143:   1842600   1778230,    -64370
144:   1859841   1742890,   -116951
145:   1894944   1776352,   -118592
146:   1910177   1793285,   -116892
147:   1940005   1786246,   -153759
148:   1966349   1840903,   -125446
149:   1998305   1894897,   -103408
150:   2014623   1830539,   -184084
151:   2040425   1865017,   -175408
152:   2065961   1898264,   -167697
153:   2092591   1922497,   -170094
154:   2119080   1948207,   -170873
155:   2146331   1987833,   -158498
156:   2186256   1933869,   -252387
157:   2202221   2015773,   -186448
158:   2225897   2054342,   -171555
159:   2265680   2011529,   -254151
160:   2283449   2060831,   -222618
161:   2320716   2122486,   -198230
162:   2342551   2065373,   -277178
163:   2367803   2120420,   -247383
164:   2398169   2168033,   -230136
165:   2418243   2126199,   -292044
166:   2455676   2183253,   -272423
167:   2477912   2222493,   -255419
168:   2512270   2191155,   -321115
169:   2529377   2211707,   -317670
170:   2559017   2290774,   -268243
171:   2612402   2297511,   -314891
172:   2634288   2303799,   -330489
173:   2658541   2362146,   -296395
174:   2688756   2335144,   -353612
175:   2704763   2334740,   -370023
176:   2736584   2450479,   -286105
177:   2766095   2436874,   -329221
178:   2799600   2454225,   -345375
179:   2845324   2494793,   -350531
180:   2857407   2530335,   -327072
181:   2889528   2544865,   -344663
182:   2915526   2598362,   -317164
183:   2956062   2568522,   -387540
184:   2984065   2600797,   -383268
185:   3018038   2726371,   -291667
186:   3049146   2647768,   -401378
187:   3092563   2643184,   -449379
188:   3125856   2713864,   -411992
189:   3145724   2695442,   -450282
190:   3179616   2752821,   -426795
191:   3205483   2795013,   -410470
192:   3237409   2764122,   -473287
193:   3278428   2767720,   -510708
194:   3315495   2845137,   -470358
195:   3344599   2762914,   -581685
196:   3372564   2881222,   -491342
197:   3402287   2910842,   -491445
198:   3437915   2875857,   -562058
199:   3486470   2875656,   -610814
200:   3510390   3015752,   -494638
201:   3535100   2927057,   -608043
202:   3563189   3026085,   -537104
203:   3603353   3048119,   -555234
204:   3658025   3025257,   -632768
205:   3672748   3090888,   -581860
206:   3711334   3127237,   -584097
207:   3739438   3076755,   -662683
208:   3783618   3126707,   -656911
209:   3809336   3199788,   -609548
210:   3850403   3151834,   -698569
211:   3885813   3184531,   -701282
212:   3927218   3287542,   -639676
213:   3964183   3249392,   -714791
214:   3975679   3270332,   -705347
215:   4012715   3375195,   -637520
216:   4042029   3297490,   -744539
217:   4086483   3356637,   -729846
218:   4129729   3420860,   -708869
219:   4166344   3335266,   -831078
220:   4209712   3457484,   -752228
221:   4240944   3514845,   -726099
222:   4278697   3466847,   -811850
223:   4317677   3524155,   -793522
224:   4352133   3568582,   -783551
225:   4397792   3545456,   -852336
226:   4435330   3607619,   -827711
227:   4466247   3662241,   -804006
228:   4510865   3620622,   -890243
229:   4540545   3669247,   -871298
230:   4583251   3736832,   -846419
231:   4634439   3731946,   -902493
232:   4665973   3775786,   -890187
233:   4715020   3890796,   -824224
234:   4739414   3804960,   -934454
235:   4791558   3865227,   -926331
236:   4818747   3917264,   -901483
237:   4874841   3908569,   -966272
238:   4959509   3933267,  -1026242
239:   4949729   4004282,   -945447
240:   5000444   3949129,  -1051315
241:   5035314   4005072,  -1030242
242:   5076951   4082215,   -994736
243:   5126963   4073734,  -1053229
244:   5168664   4116651,  -1052013
245:   5184982   4172746,  -1012236
246:   5247078   4060717,  -1186361
247:   5262423   4186008,  -1076415
248:   5313456   4249983,  -1063473
249:   5353775   4210975,  -1142800
250:   5393638   4265280,  -1128358
251:   5436104   4351425,  -1084679
252:   5478374   4297004,  -1181370
253:   5512279   4377086,  -1135193
254:   5567510   4442153,  -1125357
255:   5599065   4392859,  -1206206
256:  12459298   4467855,  -7991443
257:  12462650   4489693,  -7972957
258:  12569090   4500533,  -8068557
259:  12693190   4530398,  -8162792
260:  12694171   4586907,  -8107264
261:  12936528   4569208,  -8367320
262:  12888336   4600455,  -8287881
263:  14257800   5093875,  -9163925
264:  13087634   4682056,  -8405578
265:  13307084   4653939,  -8653145
266:  13291701   4747468,  -8544233
267:  13425014   4686965,  -8738049
268:  13554550   4803371,  -8751179
269:  13700114   4838800,  -8861314
270:  13784264   4825094,  -8959170
271:  13837195   4914568,  -8922627
272:  13980576   4938410,  -9042166
273:  14078846   4897160,  -9181686
274:  14225743   5025696,  -9200047
275:  14349980   5010433,  -9339547
276:  14408885   4954311,  -9454574
277:  14380705   5126169,  -9254536
278:  14503939   5082808,  -9421131
279:  14710171   5111528,  -9598643
280:  14793361   5139458,  -9653903
281:  14804846   5192824,  -9612022
282:  14902330   5180601,  -9721729
283:  15086225   5228884,  -9857341
284:  15178394   5312991,  -9865403
285:  15231745   5321809,  -9909936
286:  15379939   5332979, -10046960
287:  15424321   5427936,  -9996385
288:  15516764   5396057, -10120707
289:  15694307   5416391, -10277916
290:  15777571   5492994, -10284577
291:  15906006   5713412, -10192594
292:  15994468   5539963, -10454505
293:  16090836   5568862, -10521974
294:  16308503   5580894, -10727609
295:  16314401   5613765, -10700636
296:  16359628   5725424, -10634204
297:  16480833   5636261, -10844572
298:  16687505   5669744, -11017761
299:  16831951   5842528, -10989423
300:  16865868   5779578, -11086290
301:  16999105   5881852, -11117253
302:  17155453   5955039, -11200414
303:  17254016   5910339, -11343677
304:  17570253   6154617, -11415636
305:  17594413   6118043, -11476370
306:  17796311   6176217, -11620094
307:  18589517   6390987, -12198530
308:  17920299   6079857, -11840442
309:  17855707   6019953, -11835754
310:  18156046   6180839, -11975207
311:  19513264   6800637, -12712627
312:  20730721   6360468, -14370253
313:  19179444   6328767, -12850677
314:  19028365   6402376, -12625989
315:  19157484   6423811, -12733673
316:  19422415   6751518, -12670897
317:  19024380   7265356, -11759024
318:  19113811   6579065, -12534746
319:  19148503   6586639, -12561864
320:  19225610   6505644, -12719966
321:  19387235   6413229, -12974006
322:  19605200   6521760, -13083440
323:  19683734   6924546, -12759188
324:  19942004   6693604, -13248400
325:  19849381   6698021, -13151360
326:  20018174   6771846, -13246328
327:  20054854   6691264, -13363590
328:  20050308   6703102, -13347206
329:  20199171   6818531, -13380640
330:  20395998   6710304, -13685694
331:  20518050   6768640, -13749410
332:  20478467   6820490, -13657977
333:  20643763   6859310, -13784453
334:  20806339   6814196, -13992143
335:  21042943   7029441, -14013502
336:  21133005   6874310, -14258695
337:  21154390   6970724, -14183666
338:  21506526   7037459, -14469067
339:  21590288   7009505, -14580783
340:  21534377   7005178, -14529199
341:  21654215   7162262, -14491953
342:  22597354   7071407, -15525947
343:  22211167   7264427, -14946740
344:  22192974   7236961, -14956013
345:  22184999   7081002, -15103997
346:  22717424   7336616, -15380808
347:  22585481   7339064, -15246417
348:  22623327   7240888, -15382439
349:  22634120   7276181, -15357939
350:  22880964   7427471, -15453493
351:  23176831   7484086, -15692745
352:  23038970   7380711, -15658259
353:  23115111   7516342, -15598769
354:  23357066   7506477, -15850589
355:  23522391   7556431, -15965960
356:  23560234   7557112, -16003122
357:  23710776   7500904, -16209872
358:  23917698   7625772, -16291926
359:  24066719   7765315, -16301404
360:  24156935   7558404, -16598531
361:  24327131   7758465, -16568666
362:  24593525   7922884, -16670641
363:  24643468   7966402, -16677066
364:  24913736   8066709, -16847027
365:  24987510   8010162, -16977348
366:  25129842   8092386, -17037456
367:  25146271   8070008, -17076263
368:  25307743   7961576, -17346167
369:  25371009   8000505, -17370504
370:  25650447   8243810, -17406637
371:  26633277   8357392, -18275885
372:  25793590   8092317, -17701273
373:  25920707   8167493, -17753214
374:  25997718   8353381, -17644337
375:  26246755   8240896, -18005859
376:  26339483   8398338, -17941145
377:  26555537   8338568, -18216969
378:  26511921   8400579, -18111342
379:  26660100   8415037, -18245063
380:  26901832   8459688, -18442144
381:  27005842   8386338, -18619504
382:  27155954   8542022, -18613932
383:  27245787   8631858, -18613929
384:  27428764   8569680, -18859084
385:  27625202   8585876, -19039326
386:  27678154   9043124, -18635030
387:  27753856   8796785, -18957071
388:  28993480   9085411, -19908069
389:  28387842   9284054, -19103788
390:  28585652   9315737, -19269915
391:  32806344  10086783, -22719561
392:  29492460   9185952, -20306508
393:  28911430   9448393, -19463037
394:  28985084   9215408, -19769676
395:  31872746   9480669, -22392077
396:  30440409   9292843, -21147566
397:  29483181   9512308, -19970873
398:  29967339   9581580, -20385759
399:  30006535   9540558, -20465977
400:  29977582   9625300, -20352282
401:  30238929   9626569, -20612360
402:  30079116   9571104, -20508012
403:  30162405   9637583, -20524822
404:  30581050   9725036, -20856014
405:  30844396   9672397, -21171999
406:  30855872   9812777, -21043095
407:  30772739   9868295, -20904444
408:  31198593   9844690, -21353903
409:  31108512   9887983, -21220529
410:  31141764   9833797, -21307967
411:  31493944   9982752, -21511192
412:  31571094   9943679, -21627415
413:  31854038  10105984, -21748054
414:  31823504   9883631, -21939873
415:  32020386  10064478, -21955908
416:  32333793  10284166, -22049627
417:  32387026  10207453, -22179573
418:  33512923  11013350, -22499573
419:  32808073  10280022, -22528051
420:  33105950  10337523, -22768427
421:  33802741  10416879, -23385862
422:  33019813  10365175, -22654638
423:  33173512  10275913, -22897599
424:  33787416  10565381, -23222035
425:  33874919  10668987, -23205932
426:  33950760  10578543, -23372217
427:  33879256  10632650, -23246606
428:  34095892  10468635, -23627257
429:  34260929  10536524, -23724405
430:  34364060  10484696, -23879364
431:  34736274  10481197, -24255077
432:  35328486  10618704, -24709782
433:  37450720  11230484, -26220236
434:  35613346  11018984, -24594362
435:  35437674  10655605, -24782069
436:  35784692  10838111, -24946581
437:  35616954  10710164, -24906790
438:  36891450  11491738, -25399712
439:  35788827  10815848, -24972979
440:  35879164  10894353, -24984811
441:  35998489  10694435, -25304054
442:  36194871  10945143, -25249728
443:  36381007  11086390, -25294617
444:  36504885  11026290, -25478595
445:  36656580  11144812, -25511768
446:  36944452  11077749, -25866703
447:  37003723  11088418, -25915305
448:  37119115  11084084, -26035031
449:  37319092  11231915, -26087177
450:  37525183  11011167, -26514016
451:  37665617  11136375, -26529242
452:  37786000  11276313, -26509687
453:  37936651  11215416, -26721235
454:  38579608  11443878, -27135730
455:  38582138  11392684, -27189454
456:  38531072  11482334, -27048738
457:  40647575  12363631, -28283944
458:  38887383  11460097, -27427286
459:  39006976  11318203, -27688773
460:  39935369  12074656, -27860713
461:  39378844  11719840, -27659004
462:  39713399  11561581, -28151818
463:  39812450  11708067, -28104383
464:  39993619  11636306, -28357313
465:  40127321  11676127, -28451194
466:  40235123  11593480, -28641643
467:  40349773  11705406, -28644367
468:  40516693  11588470, -28928223
469:  40687881  11824972, -28862909
470:  40885208  11894153, -28991055
471:  41321522  11780272, -29541250
472:  41275496  12060679, -29214817
473:  41548583  11856426, -29692157
474:  41619440  11935979, -29683461
475:  41736887  11957107, -29779780
476:  41927725  12070118, -29857607
477:  42093807  11914032, -30179775
478:  42397698  12181205, -30216493
479:  42456452  12260291, -30196161
480:  42572492  12099455, -30473037
481:  42837935  12347750, -30490185
482:  43136590  12289918, -30846672
483:  43202099  12364102, -30837997
484:  43339095  12314871, -31024224
485:  43662726  12481272, -31181454
486:  43761101  12215796, -31545305
487:  44066113  12377305, -31688808
488:  44180074  12632043, -31548031
489:  44251703  12543270, -31708433
490:  44506998  12596198, -31910800
491:  46558221  12631794, -33926427
492:  44852487  12640604, -32211883
493:  45122003  12566915, -32555088
494:  45206289  12606602, -32599687
495:  45366874  12578136, -32788738
496:  45513422  12820511, -32692911
497:  45701362  12912210, -32789152
498:  46209927  12769548, -33440379
499:  46121364  13000991, -33120373
500:  46310395  12907543, -33402852
501:  46455783  12901038, -33554745
502:  46688017  12955539, -33732478
503:  46861757  13029570, -33832187
504:  47119396  12793330, -34326066
505:  47169965  12997014, -34172951
506:  48780928  13888658, -34892270
507:  47714910  13155624, -34559286
508:  48020160  13363301, -34656859
509:  47919011  13224764, -34694247
510:  48296243  13418692, -34877551
511:  48281439  13308723, -34972716
512:  48468358  13500134, -34968224
513:  48714091  13222470, -35491621
514:  49020545  13453735, -35566810
515:  49289043  13635375, -35653668
516:  50208667  13554309, -36654358
517:  49375926  13726282, -35649644
518:  49805974  13748477, -36057497
519:  50042437  13874380, -36168057
520:  49998097  13637073, -36361024
521:  50291086  13968196, -36322890
522:  50432924  13616705, -36816219
523:  51135724  13950469, -37185255
524:  51140613  14017078, -37123535
525:  51228129  14105795, -37122334
526:  51627260  14101163, -37526097
527:  51563817  14061390, -37502427
528:  51796516  14151088, -37645428
529:  52106030  14015447, -38090583
530:  51985549  14255582, -37729967
531:  52161666  14001780, -38159886
532:  52302820  14278354, -38024466
533:  52609195  14508751, -38100444
534:  52766404  14987565, -37778839
535:  52970628  14536632, -38433996
536:  53233561  14377954, -38855607
537:  53376661  14557528, -38819133
538:  53599700  14440679, -39159021
539:  53768649  14526772, -39241877
540:  53975634  14278034, -39697600
541:  54311845  14463478, -39848367
542:  54432435  14770799, -39661636
543:  54727235  14608019, -40119216
544:  54851504  14840949, -40010555
545:  55210093  14799322, -40410771
546:  55171377  14838583, -40332794
547:  55428291  14840753, -40587538
548:  55655594  15154714, -40500880
549:  55992878  14813917, -41178961
550:  57813393  15106943, -42706450
551:  56444573  15248181, -41196392
552:  56663326  15187770, -41475556
553:  56718028  15437609, -41280419
554:  56967549  15284707, -41682842
555:  58211896  15463315, -42748581
556:  57453835  15277652, -42176183
557:  57624976  15476101, -42148875
558:  57879369  15233697, -42645672
559:  58277973  15376407, -42901566
560:  59763466  15513186, -44250280
561:  58520142  15438556, -43081586
562:  58430049  15571419, -42858630
563:  58709002  15332066, -43376936
564:  58759003  15508991, -43250012
565:  59022178  15495620, -43526558
566:  59243547  15746147, -43497400
567:  59565795  15525535, -44040260
568:  59640449  15636111, -44004338
569:  59925701  15836433, -44089268
570:  60118091  15747409, -44370682
571:  60312592  15943377, -44369215
572:  60499422  15683538, -44815884
573:  60770213  15969310, -44800903
574:  61065852  15777970, -45287882
575:  61195142  15993296, -45201846
576:  61504315  15812101, -45692214
577:  61673773  15979675, -45694098
578:  61785980  16091048, -45694932
579:  62347417  16146514, -46200903
580:  62439330  16259654, -46179676
581:  62674915  16323833, -46351082
582:  62947838  16419636, -46528202
583:  63147631  16283157, -46864474
584:  65735657  16535388, -49200269
585:  63496645  16218199, -47278446
586:  63512833  16473197, -47039636
587:  63698700  16667676, -47031024
588:  64238244  16527519, -47710725
589:  65048798  16689390, -48359408
590:  64409903  16479433, -47930470
591:  64647535  16675016, -47972519
592:  65070938  16564660, -48506278
593:  65570876  16945936, -48624940
594:  65329559  16599681, -48729878
595:  67777074  16707203, -51069871
596:  65992881  17094365, -48898516
597:  66252386  16883008, -49369378
598:  66155578  17090360, -49065218
599:  66428910  16962645, -49466265
600:  66903133  17073732, -49829401
601:  67052198  17105858, -49946340
602:  67056372  17124395, -49931977
603:  67525770  17041914, -50483856
604:  67744729  17115357, -50629372
605:  68176223  17549758, -50626465
606:  68617252  17344926, -51272326
607:  68215474  17485478, -50729996
608:  68660863  17363399, -51297464
609:  68866943  17548892, -51318051
610:  68784018  17507403, -51276615
611:  69095343  17661278, -51434065
612:  69534130  17325024, -52209106
613:  69705502  17460225, -52245277
614:  69692774  17816152, -51876622
615:  69966728  17672291, -52294437
616:  74437838  22014555, -52423283
617:  70648516  17856588, -52791928
618:  70801159  18021720, -52779439
619:  71693828  17973551, -53720277
620:  71653882  18049329, -53604553
621:  72056829  17833708, -54223121
622:  71645095  17976329, -53668766
623:  71890958  18194164, -53696794
624:  72458202  18010512, -54447690
625:  72633407  18299564, -54333843
626:  72500011  18041391, -54458620
627:  72923339  18270553, -54652786
628:  73297262  18026905, -55270357
629:  73456858  18385751, -55071107
630:  73395105  18084351, -55310754
631:  73738161  18302870, -55435291
632:  74334495  18716352, -55618143
633:  74477560  18492905, -55984655
634:  74298816  18636460, -55662356
635:  74823634  18545148, -56278486
636:  75462532  18702972, -56759560
637:  75372657  18609391, -56763266
638:  75355392  18891705, -56463687
639:  75588105  18658504, -56929601
640:  76110045  18882531, -57227514
641:  76725880  18998245, -57727635
642:  76616835  19119387, -57497448
643:  77643436  19224771, -58418665
644:  77285626  18928653, -58356973
645:  77214239  19156912, -58057327
646:  77179260  18926507, -58252753
647:  77466814  19213932, -58252882
648:  77904689  18941906, -58962783
649:  78176815  19159972, -59016843
650:  78176771  19589656, -58587115
651:  78521688  19235182, -59286506
652:  78972317  19371416, -59600901
653:  79564319  19379568, -60184751
654:  79158748  19355274, -59803474
655:  79854108  19460571, -60393537
656:  80251072  19716044, -60535028
657:  80865104  19467994, -61397110
658:  80588821  19596180, -60992641
659:  80718617  19962421, -60756196
660:  81152636  19800071, -61352565
661:  81408478  20033171, -61375307
662:  81378909  19821942, -61556967
663:  81572436  19841322, -61731114
664:  81886572  19784830, -62101742
665:  82013023  20044541, -61968482
666:  81929591  19782806, -62146785
667:  82424170  19919719, -62504451
668:  82797500  20073185, -62724315
669:  82984074  20062938, -62921136
670:  83008949  20340956, -62667993
671:  83345403  20126866, -63218537
672:  84277795  20563701, -63714094
673:  84512367  20333903, -64178464
674:  84406991  20614825, -63792166
675:  84773357  20462233, -64311124
676:  84797518  20374588, -64422930
677:  85586642  20670415, -64916227
678:  85546179  20547219, -64998960
679:  85335600  20705548, -64630052
680:  85903946  20799671, -65104275
681:  86514657  20890916, -65623741
682:  85940418  20647258, -65293160
683:  86198308  20718151, -65480157
684:  86720728  20463473, -66257255
685:  87124828  20813990, -66310838
686:  87691677  21147486, -66544191
687:  87714235  21106946, -66607289
688:  88323596  21191796, -67131800
689:  88807796  21179096, -67628700
690:  88650053  21240044, -67410009
691:  88730947  21186592, -67544355
692:  89482146  21346999, -68135147
693:  89813776  20869957, -68943819
694:  89179641  21495989, -67683652
695:  89606605  21614421, -67992184
696:  89961512  21212621, -68748891
697:  90909544  21642991, -69266553
698:  90396622  21509126, -68887496
699:  90536710  21636671, -68900039
700:  90995319  21543316, -69452003
701:  91287553  21721587, -69565966
702:  92034830  21533318, -70501512
703:  92011362  21765636, -70245726
704:  92784774  22225283, -70559491
705:  92787835  21960288, -70827547
706:  92328254  22071386, -70256868
707:  92748217  21953685, -70794532
708:  93275666  22052771, -71222895
709:  93802048  22192510, -71609538
710:  93349228  22367573, -70981655
711:  93826215  21999822, -71826393
712:  94315148  22246533, -72068615
713:  94861189  22545151, -72316038
714:  94999662  22453693, -72545969
715:  95550643  22664360, -72886283
716:  95717084  22441100, -73275984
717:  96052583  22737888, -73314695
718:  96006668  22673873, -73332795
719:  96239905  22776241, -73463664
720:  96838016  22486235, -74351781
721:  96764957  22636793, -74128164
722:  96693087  22782566, -73910521
723:  96954324  22885979, -74068345
724:  97452951  22953611, -74499340
725:  97924131  22899006, -75025125
726:  97594025  22890946, -74703079
727:  98213101  22965619, -75247482
728: 101878677  23228555, -78650122
729:  99179486  23245955, -75933531
730:  99058363  23227522, -75830841
731:  99631354  23513283, -76118071
732:  99965939  23480246, -76485693
733:  99763835  23351848, -76411987
734:  99732381  23332531, -76399850
735: 100704383  24967214, -75737169
736: 100910828  23322559, -77588269
737: 100933393  23568617, -77364776
738: 101072343  23345947, -77726396
739: 101167557  23538753, -77628804
740: 101798268  23750338, -78047930
741: 102092067  23723863, -78368204
742: 102335648  23842718, -78492930
743: 102397810  23808340, -78589470
744: 102946628  23941473, -79005155
745: 103141205  23823169, -79318036
746: 103002466  23947622, -79054844
747: 103458240  23762170, -79696070
748: 103987687  24090848, -79896839
749: 104188032  24376896, -79811136
750: 104233475  24196656, -80036819
751: 104491434  24111499, -80379935
752: 105079893  24195913, -80883980
753: 105388483  24294229, -81094254
754: 105235248  24378222, -80857026
755: 105553906  24442478, -81111428
756: 106315011  24277838, -82037173
757: 106713496  24458918, -82254578
758: 106738055  24735907, -82002148
759: 106847626  24679383, -82168243
760: 107364887  24854871, -82510016
761: 107709433  24628797, -83080636
762: 107609853  24749229, -82860624
763: 109013596  25335203, -83678393
764: 108784497  25010461, -83774036
765: 108916100  24717938, -84198162
766: 109565851  25156152, -84409699
767: 109398749  25623055, -83775694
768: 110393313  25031443, -85361870
769: 110219855  25275691, -84944164
770: 114501508  25653302, -88848206
771: 112573853  25735502, -86838351
772: 110873249  25153451, -85719798
773: 111127938  25631408, -85496530
774: 112502201  25289404, -87212797
775: 112468645  25395010, -87073635
776: 113523769  25608558, -87915211
777: 114272663  25665340, -88607323
778: 112326000  25641890, -86684110
779: 112944210  25733161, -87211049
780: 114863093  26369217, -88493876
781: 116290319  26080181, -90210138
782: 115037594  25888835, -89148759
783: 114944478  25770443, -89174035
784: 114378221  25758425, -88619796
785: 115431297  26746120, -88685177
786: 116112238  26201656, -89910582
787: 114965369  26155188, -88810181
788: 116545369  26435572, -90109797
789: 116479362  26646573, -89832789
790: 118762336  26145659, -92616677
791: 117177169  26484013, -90693156
792: 118034175  26215631, -91818544
793: 117640223  26232904, -91407319
794: 116541632  26491975, -90049657
795: 117144927  26353985, -90790942
796: 121466727  27943087, -93523640
797: 119787898  26627134, -93160764
798: 118603024  26664922, -91938102
799: 118813207  26691173, -92122034
800: 120708562  26986667, -93721895
801: 118882934  26526120, -92356814
802: 120753129  26971996, -93781133
803: 119502973  26929628, -92573345
804: 119881826  26898699, -92983127
805: 121922120  27378919, -94543201
806: 120065706  26751700, -93314006
807: 120326854  27188902, -93137952
808: 121093581  26973416, -94120165
809: 121429539  27188337, -94241202
810: 121324469  26856125, -94468344
811: 121711747  27046317, -94665430
812: 122241166  27248959, -94992207
813: 122478264  27380690, -95097574
814: 122474977  27351440, -95123537
815: 122687750  27345485, -95342265
816: 123478361  27493419, -95984942
817: 123661310  27498694, -96162616
818: 123732778  27757361, -95975417
819: 123909243  27356287, -96552956
820: 124711711  28621010, -96090701
821: 124993024  27941993, -97051031
822: 124732037  27793481, -96938556
823: 125155232  27980939, -97174293
824: 125978914  27922606, -98056308
825: 126254446  28107800, -98146646
826: 129116257  27724272, -101391985
827: 126470514  28159382, -98311132
828: 127143639  27909516, -99234123
829: 127355505  28070913, -99284592
830: 127243519  28282377, -98961142
831: 127619793  28258256, -99361537
832: 131444844  28468361, -102976483
833: 128669551  28354913, -100314638
834: 128399839  28471067, -99928772
835: 128715175  28423561, -100291614
836: 129629726  28516791, -101112935
837: 129919467  28448985, -101470482
838: 129628454  28760943, -100867511
839: 130064371  29084966, -100979405
840: 130973983  28842739, -102131244
841: 131076780  29029146, -102047634
842: 131039577  28895043, -102144534
843: 132902894  29548613, -103354281
844: 131989735  28899503, -103090232
845: 132330110  29185167, -103144943
846: 133721838  29215289, -104506549
847: 133216826  29134035, -104082791
848: 133437880  29441715, -103996165
849: 133617616  29357410, -104260206
850: 134443073  29597637, -104845436
851: 134289426  30416116, -103873310
852: 134602877  29462614, -105140263
853: 134995363  29354486, -105640877
854: 137204793  29601873, -107602920
855: 135053522  29440412, -105613110
856: 135830143  29736015, -106094128
857: 136362853  29961702, -106401151
858: 136321369  29886965, -106434404
859: 136284558  30049451, -106235107
860: 137051346  29807724, -107243622
861: 137364125  29904507, -107459618
862: 137387115  29845445, -107541670
863: 137590056  30139644, -107450412
864: 138448039  29765661, -108682378
865: 140700102  30042702, -110657400
866: 138593819  30307048, -108286771
867: 138924450  30183625, -108740825
868: 140103727  30447150, -109656577
869: 140239620  30200738, -110038882
870: 142150633  30452239, -111698394
871: 142784166  30381843, -112402323
872: 141265995  30602139, -110663856
873: 141574331  30398385, -111175946
874: 141152627  30643896, -110508731
875: 141653170  30833537, -110819633
876: 142452780  30780571, -111672209
877: 142925014  30861591, -112063423
878: 142524644  30698904, -111825740
879: 142972618  31073649, -111898969
880: 143976355  30866370, -113109985
881: 144044079  31148877, -112895202
882: 144004347  30711159, -113293188
883: 144368456  31119131, -113249325
884: 145253525  31482381, -113771144
885: 145396541  31246236, -114150305
886: 145334183  31470178, -113864005
887: 145991396  31247438, -114743958
888: 146513197  31392045, -115121152
889: 146591102  31199083, -115392019
890: 146550405  31763088, -114787317
891: 147186381  31453147, -115733234
892: 147907380  31901101, -116006279
893: 148112677  32203491, -115909186
894: 148500848  32092794, -116408054
895: 148949173  32135233, -116813940
896: 150085711  32035143, -118050568
897: 149886931  32545919, -117341012
898: 149704675  32191407, -117513268
899: 150439323  32540799, -117898524
900: 150666046  32051806, -118614240
901: 150781731  32300639, -118481092
902: 150554946  32690241, -117864705
903: 151086845  32450941, -118635904
904: 151924743  32985787, -118938956
905: 152548522  32375734, -120172788
906: 151977092  32881688, -119095404
907: 152620034  32599879, -120020155
908: 153531381  33059249, -120472132
909: 153693096  32683279, -121009817
910: 155856975  33110856, -122746119
911: 154039219  33196176, -120843043
912: 154747546  33122377, -121625169
913: 155638208  33316061, -122322147
914: 162040040  33126749, -128913291
915: 155710810  33462841, -122247969
916: 156387183  33093736, -123293447
917: 156849188  33250713, -123598475
918: 156461003  33078764, -123382239
919: 156967112  33161283, -123805829
920: 157781279  33455320, -124325959
921: 158163874  33247769, -124916105
922: 158706069  33566591, -125139478
923: 158660535  33221730, -125438805
924: 159220471  33597266, -125623205
925: 159378228  33406812, -125971416
926: 159339149  33869599, -125469550
927: 159722774  33239166, -126483608
928: 161198213  33690719, -127507494
929: 160874130  33931643, -126942487
930: 160556325  33901108, -126655217
931: 160953652  34014730, -126938922
932: 161848309  33508747, -128339562
933: 162348726  34159732, -128188994
934: 162071480  33839966, -128231514
935: 162532982  34279567, -128253415
936: 163280182  33591709, -129688473
937: 163570006  34010733, -129559273
938: 164491815  34500792, -129991023
939: 164526013  34158623, -130367390
940: 164043256  34455116, -129588140
941: 164584362  34438798, -130145564
942: 165343498  34541929, -130801569
943: 166102953  34431368, -131671585
944: 165541925  34868747, -130673178
945: 166155362  34601777, -131553585
946: 166861001  34790490, -132070511
947: 168765009  35262780, -133502229
948: 167149055  34931035, -132218020
949: 167379918  35085731, -132294187
950: 168297761  34913881, -133383880
951: 168684501  35228117, -133456384
952: 168465918  34942989, -133522929
953: 168607004  35358637, -133248367
954: 169789444  35144394, -134645050
955: 170387245  35194691, -135192554
956: 169993504  35517634, -134475870
957: 170226856  35564144, -134662712
958: 171413811  35649675, -135764136
959: 171945330  35481530, -136463800
960: 171505049  35580918, -135924131
961: 171701471  35464068, -136237403
962: 172786731  35734834, -137051897
963: 173070732  35339456, -137731276
964: 172549777  35737669, -136812108
965: 172942592  35893435, -137049157
966: 174218694  35954934, -138263760
967: 174657426  35902031, -138755395
968: 174397267  35673942, -138723325
969: 174541064  36202648, -138338416
970: 175593069  36031077, -139561992
971: 176163630  35977008, -140186622
972: 175456927  35718092, -139738835
973: 176879650  36004487, -140875163
974: 176853934  36492326, -140361608
975: 177336008  36291166, -141044842
976: 176838608  36603508, -140235100
977: 177760351  36612496, -141147855
978: 178323158  36721109, -141602049
979: 178722573  36626744, -142095829
980: 178296612  36885882, -141410730
981: 178553436  36508179, -142045257
982: 179853710  36835747, -143017963
983: 180739278  37296299, -143442979
984: 180228138  37036396, -143191742
985: 180396517  37174381, -143222136
986: 181858392  36889588, -144968804
987: 182394996  37501823, -144893173
988: 181695380  37179314, -144516066
989: 182119096  37357789, -144761307
990: 183356720  36963462, -146393258
991: 184145709  37164981, -146980728
992: 183418846  37436679, -145982167
993: 183884181  37320832, -146563349
994: 185085458  37535735, -147549723
995: 185474400  37381031, -148093369
996: 184977276  37558800, -147418476
997: 185442162  37323728, -148118434
998: 186810692  37491839, -149318853
999: 187036344  37309572, -149726772
