8:     11259     10390,      -869
9:     12187     11882,      -305
10:     13875     13634,      -241
11:     15935     15539,      -396
12:     18545     17844,      -701
13:     20427     20363,       -64
14:     23270     22886,      -384
15:     26715     26399,      -316
16:     29282     28967,      -315
17:     32607     32060,      -547
18:     40997     40439,      -558
19:     40339     39979,      -360
20:     43687     43380,      -307
21:     66657     53356,    -13301
22:     52305     51942,      -363
23:     54516     65325,     10809
24:     59911     59461,      -450
25:     70621     70833,       212
26:     68330     67703,      -627
27:     72952     72112,      -840
28:     87756     77572,    -10184
29:     83641     86097,      2456
30:     88445     87853,      -592
31:     96464     95284,     -1180
32:    101088    109597,      8509
33:    114339    116860,      2521
34:    114070    113592,      -478
35:    120288    119719,      -569
36:    125655    124247,     -1408
37:    136290    135064,     -1226
38:    143464    142718,      -746
39:    154056    152805,     -1251
40:    156530    155320,     -1210
41:    168278    166908,     -1370
42:    174890    173869,     -1021
43:    184944    183767,     -1177
44:    188157    184927,     -3230
45:    197725    197160,      -565
46:    216310    218707,      2397
47:    217427    216401,     -1026
48:    237291    237107,      -184
49:    245704    248167,      2463
50:    259251    240926,    -18325
51:    250539    257744,      7205
52:    264666    267181,      2515
53:    284056    284253,       197
54:    289381    287633,     -1748
55:    317135    292635,    -24500
56:    301803    299899,     -1904
57:    312925    312239,      -686
58:    317052    316553,      -499
59:    343323    329566,    -13757
60:    336842    334618,     -2224
61:    349719    348631,     -1088
62:    359433    359550,       117
63:    373115    370192,     -2923
64:    382991    383229,       238
65:    396264    396128,      -136
66:    410503    409936,      -567
67:    421543    421450,       -93
68:    437065    441573,      4508
69:    450649    450004,      -645
70:    470600    471302,       702
71:    484192    486139,      1947
72:    490067    487533,     -2534
73:    508532    514130,      5598
74:    518144    517301,      -843
75:    532818    531170,     -1648
76:    550461    540842,     -9619
77:    559215    568710,      9495
78:    570971    572776,      1805
79:    584560    583621,      -939
80:    599951    605433,      5482
81:    614835    613131,     -1704
82:    640469    643687,      3218
83:    657268    654814,     -2454
84:    658926    664500,      5574
85:    700842    675116,    -25726
86:    699530    699465,       -65
87:    717453    717192,      -261
88:    749961    721060,    -28901
89:    734488    733560,      -928
90:    763160    762548,      -612
91:    783004    792525,      9521
92:    787524    783890,     -3634
93:    807041    802072,     -4969
94:    835982    909620,     73638
95:    846819    845427,     -1392
96:    861206    860169,     -1037
97:    879343    879897,       554
98:    895881    895527,      -354
99:    909842    919903,     10061
100:    928476    919493,     -8983
101:    940633    941489,       856
102:    960402    958639,     -1763
103:    983130    981875,     -1255
104:   1000492    955006,    -45486
105:   1018046   1008294,     -9752
106:   1041081   1039708,     -1373
107:   1060948   1033131,    -27817
108:   1073924   1015278,    -58646
109:   1093024   1067952,    -25072
110:   1111948   1075740,    -36208
111:   1140937   1089718,    -51219
112:   1147107   1094392,    -52715
113:   1171046   1147992,    -23054
114:   1190359   1151259,    -39100
115:   1211929   1153994,    -57935
116:   1226550   1149218,    -77332
117:   1247548   1219084,    -28464
118:   1268199   1198258,    -69941
119:   1293250   1219642,    -73608
120:   1313076   1212307,   -100769
121:   1334560   1260455,    -74105
122:   1360752   1287679,    -73073
123:   1381385   1309146,    -72239
124:   1400445   1291798,   -108647
125:   1425937   1366181,    -59756
126:   1452215   1370214,    -82001
127:   1483121   1395154,    -87967
128:   1490601   1378142,   -112459
129:   1510582   1397391,   -113191
130:   1533441   1424409,   -109032
131:   1592723   1601785,      9062
132:   1587505   1502196,    -85309
133:   1613851   1557340,    -56511
134:   1620967   1599473,    -21494
135:   1649014   1592913,    -56101
136:   1684973   1583944,   -101029
137:   1695092   1670463,    -24629
138:   1734206   1626693,   -107513
139:   1753279   1674226,    -79053
140:   1777154   1721682,    -55472
141:   1801366   1702644,    -98722
142:   1822111   1703414,   -118697
143:   1839024   1782723,    -56301
144:   1874460   1725000,   -149460
145:   1892186   1774787,   -117399
146:   1931241   1802603,   -128638
147:   1963761   1783256,   -180505
148:   2024255   2039755,     15500
149:   2189457   1985367,   -204090
150:   2027863   1830253,   -197610
151:   2054511   1898967,   -155544
152:   2070857   1935040,   -135817
153:   2099276   1915431,   -183845
154:   2113336   1931263,   -182073
155:   2154563   1991424,   -163139
156:   2193183   1940860,   -252323
157:   2204538   1995580,   -208958
158:   2227491   2055927,   -171564
159:   2257825   1989449,   -268376
160:   2282247   2071434,   -210813
161:   2307595   2140651,   -166944
162:   2340205   2075456,   -264749
163:   2369101   2111762,   -257339
164:   2391269   2164976,   -226293
165:   2422773   2118521,   -304252
166:   2452839   2187344,   -265495
167:   2484674   2252351,   -232323
168:   2509365   2179135,   -330230
169:   2553632   2229344,   -324288
170:   2572254   2293522,   -278732
171:   2584918   2220604,   -364314
172:   2677045   2338590,   -338455
173:   2672918   2334129,   -338789
174:   2678178   2321275,   -356903
175:   2717602   2335465,   -382137
176:   2766719   2408183,   -358536
177:   2771615   2382396,   -389219
178:   2798032   2444676,   -353356
179:   2832137   2504701,   -327436
180:   2863487   2437659,   -425828
181:   2895285   2507058,   -388227
182:   2914126   2551048,   -363078
183:   2952340   2523343,   -428997
184:   2991234   2566330,   -424904
185:   3029242   2609072,   -420170
186:   3044783   2615844,   -428939
187:   3076139   2603536,   -472603
188:   3114778   2676776,   -438002
189:   3145635   2648325,   -497310
190:   3173047   2704141,   -468906
191:   3226996   2757801,   -469195
192:   3243446   2689726,   -553720
193:   3270541   2762065,   -508476
194:   3298395   3234479,    -63916
195:   3330866   3315676,    -15190
196:   3413409   3233654,   -179755
197:   3432274   3288871,   -143403
198:   3432450   3377905,    -54545
199:   3500941   3833348,    332407
200:   3551758   3361521,   -190237
201:   3540216   3413154,   -127062
202:   3551215   3440428,   -110787
203:   3599266   3503791,    -95475
204:   3658545   3421813,   -236732
205:   3699890   3460513,   -239377
206:   3742570   3547506,   -195064
207:   3752926   3674415,    -78511
208:   3777902   3512629,   -265273
209:   3812699   3583238,   -229461
210:   3833799   3643620,   -190179
211:   3890366   3722784,   -167582
212:   3925412   3618367,   -307045
213:   3966945   3692701,   -274244
214:   3988758   3761515,   -227243
215:   4031533   3811412,   -220121
216:   4110697   3715483,   -395214
217:   4157396   3763499,   -393897
218:   4143844   3836205,   -307639
219:   4169345   4006305,   -163040
220:   4228058   3781524,   -446534
221:   4278555   3835754,   -442801
222:   4285941   3981409,   -304532
223:   4325563   4065037,   -260526
224:   4382010   3912376,   -469634
225:   4398593   3934143,   -464450
226:   4428753   4018748,   -410005
227:   4473859   4108095,   -365764
228:   4546322   3995992,   -550330
229:   4568003   4075581,   -492422
230:   4594823   4134307,   -460516
231:   4615193   4220825,   -394368
232:   4663954   4119963,   -543991
233:   4697440   4155934,   -541506
234:   4730715   4230356,   -500359
235:   4795773   4327493,   -468280
236:   4818044   4187838,   -630206
237:   4872625   4268664,   -603961
238:   4901301   4388667,   -512634
239:   4938315   4975532,     37217
240:   4980152   4701748,   -278404
241:   5020284   4757099,   -263185
242:   5060575   4882653,   -177922
243:   5097182   5001109,    -96073
244:   5138844   5063616,    -75228
245:   5187331   4799903,   -387428
246:   5225437   4928781,   -296656
247:   5266893   5044491,   -222402
248:   5307922   5101728,   -206194
249:   5355395   5197958,   -157437
250:   5438620   4916530,   -522090
251:   5422567   5034155,   -388412
252:   5480329   5150262,   -330067
253:   5507723   5292863,   -214860
254:   5561406   5334195,   -227211
255:   5599536   5051518,   -548018
256:  12276425   5179444,  -7096981
257:  12374994   5288772,  -7086222
258:  12478458   5386189,  -7092269
259:  12621136   5473434,  -7147702
260:  12667358   5192600,  -7474758
261:  12752896   5349484,  -7403412
262:  13417601   5440518,  -7977083
263:  12992105   5530128,  -7461977
264:  13042845   5627644,  -7415201
265:  13167686   5316227,  -7851459
266:  13235639   5371693,  -7863946
267:  13468243   5504928,  -7963315
268:  13554638   5665434,  -7889204
269:  13853333   5805324,  -8048009
270:  13729786   5565803,  -8163983
271:  13824935   5574816,  -8250119
272:  13893997   5691256,  -8202741
273:  14167928   5790904,  -8377024
274:  14116749   5873669,  -8243080
275:  14217230   5585269,  -8631961
276:  14286998   5717017,  -8569981
277:  14422659   5786980,  -8635679
278:  14495975   5975177,  -8520798
279:  14612910   6065518,  -8547392
280:  14727211   5765105,  -8962106
281:  14809268   5798798,  -9010470
282:  14966405   5937417,  -9028988
283:  14989298   6084795,  -8904503
284:  15099493   6206570,  -8892923
285:  15200797   5956518,  -9244279
286:  15317855   6003243,  -9314612
287:  15535735   6149270,  -9386465
288:  15498435   6264582,  -9233853
289:  15661466   6381608,  -9279858
290:  15765038   6028065,  -9736973
291:  15838663   6145487,  -9693176
292:  15944888   6272011,  -9672877
293:  16014263   6354262,  -9660001
294:  16272449   6527900,  -9744549
295:  16295998   6195135, -10100863
296:  16368640   6225520, -10143120
297:  16477478   6394845, -10082633
298:  16590083   6544258, -10045825
299:  16896787  10432980,  -6463807
300:  16885318   6356774, -10528544
301:  16923979   6396914, -10527065
302:  17081141   6600305, -10480836
303:  17121489   6701332, -10420157
304:  17251034   6759387, -10491647
305:  17453886   6413592, -11040294
306:  17489189   6527494, -10961695
307:  17630011   6760477, -10869534
308:  17725182   6865225, -10859957
309:  17865253   6916233, -10949020
310:  17960654   6629494, -11331160
311:  18134764   6754390, -11380374
312:  18197573   6833473, -11364100
313:  18337864   6949551, -11388313
314:  18509894   7051187, -11458707
315:  18565754   6811876, -11753878
316:  18673660   6875428, -11798232
317:  18752918   6974382, -11778536
318:  18868798   7159666, -11709132
319:  19045612   7238808, -11806804
320:  19114269   6922564, -12191705
321:  19232574   7040546, -12192028
322:  19483473   7108350, -12375123
323:  19526888   7270676, -12256212
324:  19670315   7334102, -12336213
325:  19702261   6992578, -12709683
326:  19851311   7212566, -12638745
327:  20017269   7267859, -12749410
328:  20176545   7373453, -12803092
329:  20216286   7616063, -12600223
330:  20442107   7174536, -13267571
331:  20572078   7276332, -13295746
332:  20627271   7410713, -13216558
333:  20748422   7583395, -13165027
334:  20887835   7679744, -13208091
335:  20922362   7325692, -13596670
336:  21120197   7461664, -13658533
337:  21182086   7646681, -13535405
338:  21352370   7720327, -13632043
339:  21450911   7950041, -13500870
340:  21590868   7483741, -14107127
341:  21746031   7631007, -14115024
342:  21841025   7816339, -14024686
343:  22048723   7971262, -14077461
344:  22054011   8112245, -13941766
345:  22180146   7685013, -14495133
346:  22686440   7839669, -14846771
347:  22597368   7990963, -14606405
348:  22571288   8151205, -14420083
349:  22735195   8242529, -14492666
350:  22832083   7843629, -14988454
351:  23013557   7976060, -15037497
352:  23137000   8154272, -14982728
353:  23216786   8310056, -14906730
354:  23348486   8388719, -14959767
355:  23538887   8006486, -15532401
356:  23656334   8121600, -15534734
357:  24027004   8257856, -15769148
358:  23900462   8465056, -15435406
359:  24520283   8658429, -15861854
360:  24206628   8133863, -16072765
361:  24308561   8378839, -15929722
362:  24446802   8541339, -15905463
363:  24656723   8592259, -16064464
364:  24662684   8719568, -15943116
365:  24812981   8346919, -16466062
366:  24942327   8502454, -16439873
367:  25128681   8638913, -16489768
368:  25227927   8805491, -16422436
369:  25350539   8937411, -16413128
370:  25495069   8495052, -17000017
371:  25711193   8584468, -17126725
372:  25742151   8749855, -16992296
373:  25925399   8972941, -16952458
374:  26036575   9076297, -16960278
375:  26233096   8639278, -17593818
376:  26405370   8763302, -17642068
377:  26474026   8994834, -17479192
378:  26690138   9105419, -17584719
379:  26904278   9347487, -17556791
380:  26911507   8741663, -18169844
381:  27017885   8946448, -18071437
382:  27217294   9122704, -18094590
383:  27286393   9466856, -17819537
384:  27448993   9491216, -17957777
385:  27727107   9094279, -18632828
386:  27785035   9088678, -18696357
387:  27968814   9382094, -18586720
388:  28275525   9583852, -18691673
389:  28433966   9809631, -18624335
390:  28562197   9259942, -19302255
391:  28791852   9347845, -19444007
392:  28895621   9595065, -19300556
393:  29060641   9719929, -19340712
394:  29230475   9864336, -19366139
395:  29105865   9363762, -19742103
396:  29182628   9476879, -19705749
397:  29526003   9704261, -19821742
398:  29640255   9878287, -19761968
399:  29600299  10037529, -19562770
400:  29706164   9540869, -20165295
401:  29925499   9654667, -20270832
402:  30331083   9917649, -20413434
403:  30223359  10056707, -20166652
404:  30527252  10277046, -20250206
405:  30734428   9910493, -20823935
406:  30769894   9835505, -20934389
407:  30892987  10047448, -20845539
408:  30950486  10201534, -20748952
409:  31259868  10442971, -20816897
410:  31561426   9933872, -21627554
411:  31600085  10095807, -21504278
412:  31574993  10263213, -21311780
413:  31727959  10406053, -21321906
414:  31973041  10549430, -21423611
415:  32364499  10201357, -22163142
416:  32485343  10374408, -22110935
417:  32888092  10649283, -22238809
418:  32803757  10663560, -22140197
419:  32987828  10762084, -22225744
420:  33009669  10286730, -22722939
421:  33106756  10420680, -22686076
422:  33453209  10643912, -22809297
423:  33559860  10807718, -22752142
424:  33579094  10912600, -22666494
425:  33803924  10421309, -23382615
426:  33805139  10616314, -23188825
427:  33970983  10722774, -23248209
428:  34061598  10855508, -23206090
429:  34213216  11071304, -23141912
430:  34476477  10681524, -23794953
431:  34536848  10724144, -23812704
432:  34845205  11030421, -23814784
433:  35032260  11137821, -23894439
434:  35164915  11236539, -23928376
435:  35332586  10793102, -24539484
436:  35313724  10931307, -24382417
437:  35619918  11142028, -24477890
438:  35654808  11300688, -24354120
439:  35853870  11464506, -24389364
440:  36018863  11011301, -25007562
441:  36138026  11135366, -25002660
442:  36431022  11282351, -25148671
443:  36511703  11520874, -24990829
444:  36659381  11678996, -24980385
445:  36853966  11123350, -25730616
446:  36994535  11338477, -25656058
447:  37256195  11487191, -25769004
448:  37498029  11637903, -25860126
449:  37462800  11862536, -25600264
450:  37616364  11370918, -26245446
451:  37903926  11480067, -26423859
452:  37980557  11644044, -26336513
453:  38076797  11877650, -26199147
454:  38272406  12003617, -26268789
455:  38468567  11474025, -26994542
456:  38648751  11633965, -27014786
457:  38884377  11867896, -27016481
458:  39015824  12096383, -26919441
459:  39213636  12285697, -26927939
460:  39501797  11789426, -27712371
461:  39468020  11879195, -27588825
462:  39644709  12055578, -27589131
463:  39789176  12282305, -27506871
464:  40011302  12452686, -27558616
465:  40141833  11933139, -28208694
466:  40347490  12073248, -28274242
467:  40553797  12310457, -28243340
468:  40767970  12527929, -28240041
469:  40826176  12612041, -28214135
470:  41060639  12147234, -28913405
471:  41197149  12248840, -28948309
472:  41326965  12456700, -28870265
473:  41521082  12695001, -28826081
474:  41866434  12968434, -28898000
475:  42152748  12374873, -29777875
476:  42377102  12634829, -29742273
477:  42280613  12701523, -29579090
478:  42507809  12856088, -29651721
479:  42641249  12972552, -29668697
480:  42914519  12591886, -30322633
481:  42971723  12661092, -30310631
482:  43282474  12883807, -30398667
483:  43380239  13052640, -30327599
484:  43499083  13319134, -30179949
485:  43642981  12715788, -30927193
486:  44332090  13045953, -31286137
487:  44324440  13217348, -31107092
488:  44306272  13255014, -31051258
489:  44664914  13499463, -31165451
490:  44751950  13040821, -31711129
491:  44844748  13048321, -31796427
492:  44970652  13258856, -31711796
493:  45875880  13691197, -32184683
494:  45430567  13649818, -31780749
495:  45759874  13134052, -32625822
496:  45747142  13235756, -32511386
497:  45868486  13528525, -32339961
498:  46132055  13703828, -32428227
499:  46333059  13963387, -32369672
500:  46496024  13419839, -33076185
501:  46717359  13479804, -33237555
502:  46813559  13652752, -33160807
503:  47075970  13978433, -33097537
504:  47140596  14160997, -32979599
505:  47314573  13498977, -33815596
506:  47889337  13693623, -34195714
507:  47914536  14015250, -33899286
508:  48044711  14219851, -33824860
509:  48083831  14296540, -33787291
510:  48477476  13781827, -34695649
511:  48393262  13976950, -34416312
512:  48703187  14241188, -34461999
513:  48856224  14369946, -34486278
514:  49030213  14478953, -34551260
515:  49297941  13990149, -35307792
516:  49464061  14253518, -35210543
517:  49619228  14387963, -35231265
518:  49854787  14710543, -35144244
519:  50051926  14652587, -35399339
520:  50218336  14156896, -36061440
521:  50443124  14394352, -36048772
522:  50574325  14522389, -36051936
523:  50845471  14681173, -36164298
524:  51016551  14770402, -36246149
525:  51185489  14201973, -36983516
526:  51371851  14555164, -36816687
527:  51580891  14708869, -36872022
528:  51723616  14838329, -36885287
529:  51978580  15273064, -36705516
530:  52191344  14822422, -37368922
531:  53048046  14680674, -38367372
532:  52558808  14946718, -37612090
533:  52724055  15120068, -37603987
534:  52984880  15357029, -37627851
535:  53376186  14669228, -38706958
536:  53261748  14981827, -38279921
537:  53581767  15271027, -38310740
538:  53685806  15401340, -38284466
539:  54552879  15572159, -38980720
540:  54131191  15020266, -39110925
541:  54447395  15142567, -39304828
542:  54774266  15460687, -39313579
543:  54946685  15575728, -39370957
544:  54909276  15508930, -39400346
545:  55128626  15168433, -39960193
546:  55292937  15226720, -40066217
547:  55601040  15477435, -40123605
548:  55726230  15505560, -40220670
549:  55842203  15842280, -39999923
550:  56090462  15476171, -40614291
551:  56515818  15438402, -41077416
552:  56529790  15603550, -40926240
553:  56782540  15874326, -40908214
554:  56912371  16063039, -40849332
555:  57194862  15651021, -41543841
556:  57311887  15644319, -41667568
557:  57666613  15738189, -41928424
558:  57722943  16075681, -41647262
559:  57947613  16141094, -41806519
560:  58170535  15801396, -42369139
561:  58287800  15933562, -42354238
562:  58519019  15850013, -42669006
563:  58806581  16060504, -42746077
564:  59102488  16390794, -42711694
565:  59156532  15935325, -43221207
566:  60006497  17333570, -42672927
567:  59741140  16307119, -43434021
568:  61089587  16429513, -44660074
569:  69335209  16586948, -52748261
570:  61226649  16009730, -45216919
571:  60519032  16197259, -44321773
572:  60679296  16486526, -44192770
573:  60957373  16686016, -44271357
574:  61207345  16837056, -44370289
575:  61365707  16291024, -45074683
576:  64541777  16640604, -47901173
577:  62290167  16723757, -45566410
578:  62196420  16882433, -45313987
579:  62413756  17843080, -44570676
580:  63117246  16714445, -46402801
581:  62920089  16773914, -46146175
582:  63103528  16985431, -46118097
583:  63140783  16946602, -46194181
584:  63421185  17149492, -46271693
585:  63702559  16659043, -47043516
586:  63791366  16829485, -46961881
587:  64299977  17186012, -47113965
588:  64568848  17464381, -47104467
589:  64597534  17403652, -47193882
590:  64706383  16958891, -47747492
591:  65020599  17102494, -47918105
592:  65264205  17522262, -47741943
593:  65816125  17481548, -48334577
594:  66117906  17745607, -48372299
595:  65720837  17057478, -48663359
596:  65789474  17229150, -48560324
597:  65994188  17338654, -48655534
598:  66784161  17865977, -48918184
599:  67214315  17926900, -49287415
600:  67665939  17554981, -50110958
601:  67762485  17403607, -50358878
602:  67175428  17873878, -49301550
603:  67931615  18233304, -49698311
604:  67764881  18111159, -49653722
605:  68495622  17423842, -51071780
606:  68747384  17805484, -50941900
607:  68507385  17704650, -50802735
608:  68517762  18185180, -50332582
609:  68743296  18387664, -50355632
610:  68951441  17633069, -51318372
611:  69449602  17925767, -51523835
612:  69449499  18181661, -51267838
613:  69673477  18379215, -51294262
614:  69897427  18668676, -51228751
615:  70168312  17696103, -52472209
616:  70406920  17994900, -52412020
617:  70604298  18500513, -52103785
618:  70790945  18759056, -52031889
619:  71231806  18805908, -52425898
620:  71396454  18082403, -53314051
621:  71496589  18704485, -52792104
622:  73002325  18946100, -54056225
623:  71993914  19034235, -52959679
624:  72151211  18868458, -53282753
625:  72560516  18428648, -54131868
626:  72715076  18781720, -53933356
627:  72990020  18803113, -54186907
628:  73119507  18892181, -54227326
629:  73511803  19272272, -54239531
630:  73587295  18802219, -54785076
631:  73971111  18794641, -55176470
632:  74092386  18916852, -55175534
633:  74396217  19295104, -55101113
634:  74723788  19998117, -54725671
635:  74941466  18843099, -56098367
636:  75112077  19024139, -56087938
637:  75677973  19326372, -56351601
638:  76494450  20728704, -55765746
639:  75730901  20619534, -55111367
640:  75922295  18956045, -56966250
641:  76159473  19129516, -57029957
642:  76530194  20019753, -56510441
643:  77395241  21115780, -56279461
644:  78031296  21000538, -57030758
645:  78023463  19538061, -58485402
646:  77624360  20020301, -57604059
647:  77706593  20824257, -56882336
648:  78268453  20702616, -57565837
649:  78331653  20936127, -57395526
650:  78445510  20373815, -58071695
651:  78889707  20636213, -58253494
652:  81178821  20707004, -60471817
653:  79447515  21053774, -58393741
654:  79673642  21375859, -58297783
655:  79697086  20600941, -59096145
656:  79742580  20650510, -59092070
657:  80119918  21193083, -58926835
658:  81050722  21450559, -59600163
659:  80589039  21348319, -59240720
660:  81092988  21285674, -59807314
661:  81677967  20929783, -60748184
662:  81779887  21533815, -60246072
663:  81552405  21343975, -60208430
664:  81850422  21762964, -60087458
665:  82111722  21128522, -60983200
666:  82143925  21317578, -60826347
667:  82471021  21259830, -61211191
668:  82722408  21897226, -60825182
669:  86495304  22346505, -64148799
670:  83271539  21169701, -62101838
671:  83559432  21337446, -62221986
672:  87421190  22748377, -64672813
673:  87965172  22204030, -65761142
674:  87736936  23639646, -64097290
675:  87700665  22935140, -64765525
676:  88486015  23030838, -65455177
677:  85878513  22111540, -63766973
678:  85106841  21925485, -63181356
679:  85938351  22249971, -63688380
680:  85698012  21921275, -63776737
681:  86462950  22126589, -64336361
682:  87218042  21848662, -65369380
683:  86663900  22280127, -64383773
684:  86729250  22538345, -64190905
685:  86911684  21989886, -64921798
686:  87683967  22258343, -65425624
687:  87479443  22375509, -65103934
688:  87639034  22610055, -65028979
689:  88559683  22599511, -65960172
690:  88654317  21959318, -66694999
691:  89192860  22465515, -66727345
692:  88720427  22609581, -66110846
693:  89861903  22685603, -67176300
694:  89964829  23180260, -66784569
695:  90263438  22583018, -67680420
696:  90038749  22728907, -67309842
697:  89943278  22585639, -67357639
698:  90977439  23254334, -67723105
699:  90657083  23243493, -67413590
700:  90903072  22706077, -68196995
701:  91003191  22472327, -68530864
702:  91535336  23113611, -68421725
703:  91674934  23194473, -68480461
704:  91928204  23025781, -68902423
705:  92170606  22598880, -69571726
706:  92351468  22889985, -69461483
707:  92862868  23163676, -69699192
708:  93099321  23086579, -70012742
709:  93393327  23361850, -70031477
710:  93572978  23545849, -70027129
711:  94001387  23219425, -70781962
712:  93909668  23084071, -70825597
713:  94181653  23400883, -70780770
714:  94522548  23678273, -70844275
715:  94818732  23124654, -71694078
716:  95042122  22922647, -72119475
717:  95470598  23377071, -72093527
718:  95966083  23503957, -72462126
719:  96125533  23488338, -72637195
720:  96278685  23212990, -73065695
721:  96307873  23166381, -73141492
722:  96600656  23557584, -73043072
723:  97483350  23592837, -73890513
724:  97297215  23997500, -73299715
725:  97782893  23423690, -74359203
726:  99429182  23819668, -75609514
727:  98457053  23699276, -74757777
728:  98543256  24031675, -74511581
729:  98768546  24299912, -74468634
730:  99732153  23884338, -75847815
731:  99383780  23667825, -75715955
732:  99763237  24236955, -75526282
733: 100206097  24397607, -75808490
734: 100150320  24121127, -76029193
735: 100505620  23670199, -76835421
736: 104310336  24304997, -80005339
737: 101179849  24623949, -76555900
738: 101511437  24181517, -77329920
739: 101579083  24668367, -76910716
740: 101726001  24194282, -77531719
741: 102164711  25976573, -76188138
742: 102259735  24178779, -78080956
743: 103002206  24975615, -78026591
744: 103553813  24914889, -78638924
745: 102946679  24244873, -78701806
746: 103632495  24241742, -79390753
747: 104364443  24861971, -79502472
748: 110230649  25002421, -85228228
749: 104072128  24887173, -79184955
750: 104410535  24298353, -80112182
751: 104830581  24641451, -80189130
752: 104888524  25013152, -79875372
753: 105205621  24902358, -80303263
754: 105571131  25269802, -80301329
755: 105792704  24809937, -80982767
756: 106134028  24972720, -81161308
757: 106439686  24889492, -81550194
758: 107094465  25367797, -81726668
759: 107063661  25453068, -81610593
760: 107565715  25166938, -82398777
761: 111724843  25306766, -86418077
762: 112216385  25910763, -86305622
763: 109577266  26063476, -83513790
764: 109000313  25732192, -83268121
765: 109729971  25041198, -84688773
766: 109990126  25464967, -84525159
767: 109683857  26109534, -83574323
768: 110295117  25598571, -84696546
769: 110528752  26179653, -84349099
770: 110494010  25474615, -85019395
771: 110693507  25654579, -85038928
772: 111135037  25432327, -85702710
773: 111303477  25810000, -85493477
774: 118225662  27754671, -90470991
775: 112049670  25665905, -86383765
776: 112419742  25587890, -86831852
777: 113445608  25951726, -87493882
778: 113300862  26221465, -87079397
779: 113904824  26269547, -87635277
780: 113982867  25435282, -88547585
781: 114256603  25742326, -88514277
782: 114525252  26202575, -88322677
783: 116085610  26286747, -89798863
784: 115614123  26796449, -88817674
785: 115500387  25981473, -89518914
786: 115592881  26122214, -89470667
787: 116325546  26170960, -90154586
788: 116467899  26600003, -89867896
789: 116621705  26932501, -89689204
790: 116948930  26207841, -90741089
791: 117276790  26275814, -91000976
792: 117962753  26697027, -91265726
793: 119852889  27550350, -92302539
794: 118263764  26769700, -91494064
795: 118364138  26154031, -92210107
796: 119563653  26826849, -92736804
797: 119357728  27303721, -92054007
798: 119437987  26739950, -92698037
799: 119825622  27055433, -92770189
800: 120198565  28423700, -91774865
801: 120221789  26929006, -93292783
802: 121100961  26737182, -94363779
803: 120838078  28512387, -92325691
804: 121148665  27366735, -93781930
805: 121338872  26787214, -94551658
806: 121636116  26679188, -94956928
807: 122141316  27620129, -94521187
808: 123228717  27663834, -95564883
809: 123420658  27776149, -95644509
810: 123689146  26869080, -96820066
811: 123355373  27080264, -96275109
812: 123745131  27579196, -96165935
813: 123820314  27357545, -96462769
814: 124513893  27743338, -96770555
815: 124430900  27256073, -97174827
816: 124644887  27478637, -97166250
817: 125237201  27291535, -97945666
818: 125893842  27775427, -98118415
819: 126048138  28293428, -97754710
820: 126099127  27550391, -98548736
821: 126508410  27566185, -98942225
822: 128341123  27974653, -100366470
823: 127334093  28124004, -99210089
824: 127649258  28038231, -99611027
825: 127591566  27490094, -100101472
826: 127916695  27680561, -100236134
827: 128410002  28037953, -100372049
828: 130031972  28075487, -101956485
829: 129100781  28361014, -100739767
830: 129828902  28251395, -101577507
831: 129561529  28291511, -101270018
832: 129792357  28031693, -101760664
833: 130769463  28441590, -102327873
834: 130912025  28943382, -101968643
835: 131402715  28316085, -103086630
836: 131144025  28218375, -102925650
837: 131688363  28519545, -103168818
838: 131629954  29019238, -102610716
839: 132197484  28843927, -103353557
840: 132293521  28036730, -104256791
841: 132828474  28445332, -104383142
842: 132933486  29074773, -103858713
843: 133471737  28924068, -104547669
844: 134742625  29454141, -105288484
845: 134841827  28723035, -106118792
846: 134114160  28753230, -105360930
847: 134592822  28890607, -105702215
848: 134617521  29310051, -105307470
849: 135477988  29675051, -105802937
850: 135378242  28781257, -106596985
851: 136535516  29097198, -107438318
852: 136222324  29513766, -106708558
853: 136857822  29666042, -107191780
854: 136780091  29273469, -107506622
855: 137224762  28881063, -108343699
856: 137314969  29168579, -108146390
857: 137707109  29660472, -108046637
858: 137999571  29478735, -108520836
859: 140787469  29748882, -111038587
860: 138913725  29444615, -109469110
861: 139256736  29612144, -109644592
862: 139878928  29596336, -110282592
863: 142030884  30453730, -111577154
864: 140035475  30253833, -109781642
865: 140456229  29401859, -111054370
866: 140766173  29447322, -111318851
867: 141264525  29936334, -111328191
868: 141559114  30222386, -111336728
869: 141751237  30458845, -111292392
870: 144568482  29509948, -115058534
871: 144377628  29839500, -114538128
872: 143108127  30080003, -113028124
873: 143083826  31560378, -111523448
874: 143210653  30745803, -112464850
875: 144108135  30023897, -114084238
876: 143940077  30241631, -113698446
877: 144417041  30258825, -114158216
878: 145086373  30741506, -114344867
879: 145305819  31262055, -114043764
880: 145024507  30452272, -114572235
881: 145680736  30275616, -115405120
882: 145976777  30834773, -115142004
883: 146801051  31175489, -115625562
884: 147189014  31106220, -116082794
885: 147257893  30339252, -116918641
886: 149016885  30821661, -118195224
887: 147686107  31095134, -116590973
888: 147881925  31046951, -116834974
889: 148380314  31503367, -116876947
890: 148535180  30843194, -117691986
891: 149214204  31186093, -118028111
892: 149290350  31091451, -118198899
893: 149702333  31470374, -118231959
894: 155061332  32063333, -122997999
895: 152450170  31743305, -120706865
896: 152105654  31395694, -120709960
897: 151321766  31555284, -119766482
898: 151083454  32736397, -118347057
899: 152498163  31777480, -120720683
900: 152587655  31277387, -121310268
901: 152106504  31532316, -120574188
902: 152787980  31860930, -120927050
903: 153732003  31838065, -121893938
904: 155594347  32450406, -123143941
905: 154182429  31872778, -122309651
906: 160950901  32010534, -128940367
907: 155246123  31924705, -123321418
908: 154952228  32597708, -122354520
909: 155992320  33200719, -122791601
910: 157403125  32333423, -125069702
911: 156391349  32120919, -124270430
912: 158773717  32442908, -126330809
913: 158304992  33483579, -124821413
914: 157856247  32775919, -125080328
915: 158812805  32021717, -126791088
916: 157355694  32574377, -124781317
917: 157735436  32690453, -125044983
918: 158038548  32718077, -125320471
919: 158548800  32795915, -125752885
920: 158754157  32575253, -126178904
921: 159250714  32853547, -126397167
922: 159503661  32629349, -126874312
923: 160486629  32918779, -127567850
924: 160368653  33327555, -127041098
925: 160843411  32627285, -128216126
926: 161269660  32655722, -128613938
927: 161864764  33111032, -128753732
928: 161946063  33533749, -128412314
929: 162164532  33446063, -128718469
930: 162393057  32457865, -129935192
931: 162923288  32933029, -129990259
932: 163169577  33286780, -129882797
933: 163406091  33116510, -130289581
934: 164992194  33771962, -131220232
935: 164197367  33009839, -131187528
936: 164410010  33418919, -130991091
937: 165522959  33425142, -132097817
938: 165145503  33934475, -131211028
939: 166014375  34299110, -131715265
940: 166131677  33339252, -132792425
941: 167341139  33640944, -133700195
942: 167811806  34166844, -133644962
943: 167175295  34375867, -132799428
944: 167244023  33917890, -133326133
945: 168579258  33575591, -135003667
946: 169868283  33900936, -135967347
947: 168784670  34312249, -134472421
948: 169348011  33963515, -135384496
949: 169288580  35882101, -133406479
950: 170998047  34116527, -136881520
951: 171793132  34365595, -137427537
952: 171323435  34171777, -137151658
953: 171978860  35213731, -136765129
954: 174296486  39143660, -135152826
955: 172899561  34206441, -138693120
956: 172788502  34376824, -138411678
957: 173336816  36230894, -137105922
958: 173757709  39214226, -134543483
959: 174066890  39519193, -134547697
960: 174547395  34362559, -140184836
961: 175519853  36243999, -139275854
962: 174823277  38980110, -135843167
963: 175954912  39418361, -136536551
964: 176202869  38743758, -137459111
965: 175869410  37136753, -138732657
966: 177292137  39049628, -138242509
967: 177573556  39506205, -138067351
968: 177719371  39059651, -138659720
969: 177886384  39220547, -138665837
970: 178271600  39799143, -138472457
971: 178589748  40000054, -138589694
972: 178480201  39226608, -139253593
973: 179284120  39899046, -139385074
974: 181363028  40599883, -140763145
975: 181012661  39666200, -141346461
976: 180391515  39506802, -140884713
977: 179178145  39556662, -139621483
978: 179771173  40476775, -139294398
979: 180406586  40595162, -139811424
980: 181833680  39426176, -142407504
981: 184892465  39985594, -144906871
982: 182811152  40559362, -142251790
983: 181714819  40495181, -141219638
984: 182067371  39835500, -142231871
985: 182499896  39672890, -142827006
986: 188119451  40652685, -147466766
987: 184259378  41475892, -142783486
988: 185737454  40243672, -145493782
989: 185357331  40527777, -144829554
990: 186679459  42483015, -144196444
991: 192222069  40669426, -151552643
992: 185730551  40075894, -145654657
993: 188812492  40623984, -148188508
994: 185688652  41156760, -144531892
995: 188364225  40292553, -148071672
996: 187122230  40189379, -146932851
997: 186954819  40511103, -146443716
998: 187276544  41285031, -145991513
999: 187574526  41680008, -145894518
1000: 188001251  39968509, -148032742
1001: 188846848  40314121, -148532727
1002: 188986768  41130958, -147855810
1003: 189795446  41602712, -148192734
1004: 189872917  40842423, -149030494
1005: 190082092  40685691, -149396401
1006: 190255742  41045359, -149210383
1007: 190617674  41777184, -148840490
1008: 190625239  40819157, -149806082
1009: 191171398  41286449, -149884949
1010: 191769897  41478656, -150291241
1011: 192208794  41667318, -150541476
1012: 192548434  40928833, -151619601
1013: 192961535  41444504, -151517031
1014: 193360815  42266850, -151093965
1015: 193838180  41281999, -152556181
1016: 193901800  41929674, -151972126
1017: 194352404  41642277, -152710127
1018: 194561638  42503756, -152057882
1019: 195474806  42716914, -152757892
1020: 194540543  41068910, -153471633
1021: 195050939  41504141, -153546798
1022: 195220974  42357353, -152863621
1023: 195766778  42654511, -153112267
1024: 196801844  41749966, -155051878
1025: 196923146  41776753, -155146393
1026: 197771147  42268394, -155502753
1027: 198491152  42625215, -155865937
1028: 201068584  42672976, -158395608
1029: 199050264  42387015, -156663249
1030: 199081306  42603273, -156478033
1031: 200099384  42862671, -157236713
1032: 201637963  42460327, -159177636
1033: 200580117  42686158, -157893959
1034: 200786223  43246981, -157539242
1035: 201419457  42244932, -159174525
1036: 201271953  42080206, -159191747
1037: 202336664  42967694, -159368970
1038: 204375454  43909759, -160465695
1039: 203317161  43671901, -159645260
1040: 202698802  41963085, -160735717
1041: 203235841  42293746, -160942095
1042: 204604861  43729161, -160875700
1043: 206317427  44122279, -162195148
1044: 204414795  43048840, -161365955
1045: 205119490  42544608, -162574882
1046: 205281386  43484701, -161796685
1047: 205863627  43879798, -161983829
1048: 207631259  43625640, -164005619
1049: 207999945  43953247, -164046698
1050: 207556146  43902982, -163653164
1051: 208743365  44130746, -164612619
1052: 207974912  44145472, -163829440
1053: 212210518  43849341, -168361177
1054: 209630797  44416840, -165213957
1055: 221072655  46451315, -174621340
1056: 210037035  43007812, -167029223
1057: 210656825  44021939, -166634886
1058: 210584005  45103037, -165480968
1059: 211523160  44825392, -166697768
1060: 211674780  43030847, -168643933
1061: 215175598  43860692, -171314906
1062: 214455370  44364669, -170090701
1063: 214942670  44811380, -170131290
1064: 214033046  43833801, -170199245
1065: 214142624  43642071, -170500553
1066: 215284799  44249368, -171035431
1067: 214578320  47040322, -167537998
1068: 214298943  43815391, -170483552
1069: 214780660  44343492, -170437168
1070: 215207432  44754290, -170453142
1071: 215892923  44644433, -171248490
1072: 215631207  43987758, -171643449
1073: 216381136  44173723, -172207413
1074: 216824883  45235246, -171589637
1075: 217676700  44700213, -172976487
1076: 218396443  43972894, -174423549
1077: 219662535  44488307, -175174228
1078: 218349675  45368514, -172981161
1079: 218902670  45677184, -173225486
1080: 219095554  43985428, -175110126
1081: 222109533  44348902, -177760631
1082: 221414307  45093949, -176320358
1083: 220730681  45288653, -175442028
1084: 220731582  44591645, -176139937
1085: 221577780  44683140, -176894640
1086: 221919080  45215254, -176703826
1087: 222124068  45365277, -176758791
1088: 222157065  44725071, -177431994
1089: 222931035  45426784, -177504251
1090: 223287622  45400790, -177886832
1091: 223971217  45674432, -178296785
1092: 223984011  44997296, -178986715
1093: 224443265  45461454, -178981811
1094: 224709539  46261173, -178448366
1095: 225506189  45612038, -179894151
1096: 225653063  44876965, -180776098
1097: 226255146  45435601, -180819545
1098: 226585786  46318936, -180266850
1099: 227228744  46897663, -180331081
1100: 226901652  45112580, -181789072
1101: 227667369  45347601, -182319768
1102: 227986117  46053440, -181932677
1103: 228480889  46486858, -181994031
1104: 228861481  45888735, -182972746
1105: 229449414  45678819, -183770595
1106: 229765408  46218981, -183546427
1107: 230534334  46651867, -183882467
1108: 230161825  45957692, -184204133
1109: 230991011  46348821, -184642190
1110: 231343012  46499020, -184843992
1111: 231902937  46892581, -185010356
1112: 233230317  46310252, -186920065
1113: 232606441  46420549, -186185892
1114: 232762890  47116406, -185646484
1115: 234069061  46431846, -187637215
1116: 233871977  46174194, -187697783
1117: 234173021  46366314, -187806707
1118: 234583410  47353527, -187229883
1119: 235174467  47927032, -187247435
1120: 235182727  45906461, -189276266
1121: 236215433  46488466, -189726967
1122: 235952663  47209037, -188743626
1123: 236983510  47614622, -189368888
1124: 236727978  46914366, -189813612
1125: 237302791  46699161, -190603630
1126: 237815796  47196326, -190619470
1127: 238445602  47786122, -190659480
1128: 238680152  46921820, -191758332
1129: 239326726  47420259, -191906467
1130: 239551910  47508506, -192043404
1131: 240447091  47857315, -192589776
1132: 240127277  46957095, -193170182
1133: 240586472  47532081, -193054391
1134: 241174673  48505436, -192669237
1135: 241801690  47722767, -194078923
1136: 241499412  47241522, -194257890
1137: 242362269  47594676, -194767593
1138: 242633213  48256204, -194377009
1139: 243713361  48858276, -194855085
1140: 243705557  47100957, -196604600
1141: 243975642  47837151, -196138491
1142: 244446450  48508868, -195937582
1143: 245186026  48687747, -196498279
1144: 245886603  48004164, -197882439
1145: 246458497  47946868, -198511629
1146: 246862981  48586308, -198276673
1147: 247919117  48771022, -199148095
1148: 247562256  48063782, -199498474
1149: 248265623  48809431, -199456192
1150: 248597941  48555987, -200041954
1151: 249268394  48614464, -200653930
1152: 249050205  48091594, -200958611
1153: 250115732  48607960, -201507772
1154: 250351717  49485896, -200865821
1155: 251668368  48566115, -203102253
1156: 251185072  48133352, -203051720
1157: 251649347  48863702, -202785645
1158: 252003606  49582509, -202421097
1159: 252896234  49929948, -202966286
1160: 252714662  48126019, -204588643
1161: 253611042  48459984, -205151058
1162: 253967432  49572171, -204395261
1163: 254716864  50075351, -204641513
1164: 254427076  49199574, -205227502
1165: 255254165  48827987, -206426178
1166: 255338081  49566053, -205772028
1167: 256063125  50112657, -205950468
1168: 255928954  49148148, -206780806
1169: 256873943  49830276, -207043667
1170: 257048304  49761656, -207286648
1171: 259727749  50744478, -208983271
1172: 260771604  49394592, -211377012
1173: 259350688  50063070, -209287618
1174: 259139096  52803580, -206335516
1175: 259642564  49860878, -209781686
1176: 259993704  49636580, -210357124
1177: 260413838  50117275, -210296563
1178: 260753098  52804229, -207948869
1179: 262386544  56307145, -206079399
1180: 263002336  49585098, -213417238
1181: 263779327  50172394, -213606933
1182: 263645176  52727956, -210917220
1183: 264470323  55280659, -209189664
1184: 264254579  53403723, -210850856
1185: 264321341  50414181, -213907160
1186: 264472687  52814937, -211657750
1187: 266343977  55405965, -210938012
1188: 267934608  53909901, -214024707
1189: 267018011  54501682, -212516329
1190: 266853206  56483351, -210369855
1191: 268228340  55747234, -212481106
1192: 266638902  53418863, -213220039
1193: 267584450  54163673, -213420777
1194: 267656572  55441538, -212215034
1195: 270100846  55810429, -214290417
1196: 269388745  54545680, -214843065
1197: 270883074  55414242, -215468832
1198: 270720083  56247191, -214472892
1199: 272984783  56999939, -215984844
1200: 269930843  53742795, -216188048
1201: 270721442  54370046, -216351396
1202: 271544190  55591590, -215952600
1203: 273070889  56774332, -216296557
1204: 273036737  56760228, -216276509
1205: 279153665  55064621, -224089044
1206: 274530761  56051558, -218479203
1207: 274914148  56758123, -218156025
1208: 275644889  56950421, -218694468
1209: 274237579  54905129, -219332450
1210: 276518980  55998154, -220520826
1211: 277291304  56905558, -220385746
1212: 276551836  57849239, -218702597
1213: 277445918  55637549, -221808369
1214: 279968721  56404158, -223564563
1215: 278495262  57119957, -221375305
1216: 277255583  56945955, -220309628
1217: 278088045  55275601, -222812444
1218: 278917037  56715972, -222201065
1219: 280686143  57469173, -223216970
1220: 280127892  56305564, -223822328
1221: 280922955  55605356, -225317599
1222: 281515630  56743938, -224771692
1223: 280779054  57445445, -223333609
1224: 280701582  58593468, -222108114
1225: 283776942  55274900, -228502042
1226: 283267698  56359441, -226908257
1227: 284046537  57235310, -226811227
1228: 283844494  58314738, -225529756
1229: 284785906  58559235, -226226671
1230: 283769455  56474664, -227294791
1231: 284245819  57041778, -227204041
1232: 286200678  58693730, -227506948
1233: 285856565  58517013, -227339552
1234: 290877454  57343552, -233533902
1235: 289395934  57864244, -231531690
1236: 285936308  58489530, -227446778
1237: 288482281  58436053, -230046228
1238: 290891703  57162210, -233729493
1239: 289997252  58074277, -231922975
1240: 288581447  58604231, -229977216
1241: 291742146  58740593, -233001553
1242: 289778619  56860830, -232917789
1243: 294768377  57986072, -236782305
1244: 292212240  58567248, -233644992
1245: 290704924  57557862, -233147062
1246: 291002293  56688114, -234314179
1247: 292261552  57685656, -234575896
1248: 291605224  58911220, -232694004
1249: 292505569  59603866, -232901703
1250: 292914747  56393760, -236520987
1251: 293768133  57197141, -236570992
1252: 293464616  58493791, -234970825
1253: 294301326  59241658, -235059668
1254: 294854976  59501182, -235353794
1255: 294976949  57558673, -237418276
1256: 295256176  58570705, -236685471
1257: 295905054  59358339, -236546715
1258: 297568748  59635944, -237932804
1259: 297202591  57500085, -239702506
1260: 296870724  58971509, -237899215
1261: 297305612  59597775, -237707837
1262: 297803041  59754700, -238048341
1263: 298127351  57852220, -240275131
1264: 297502194  59067862, -238434332
1265: 298674007  59808377, -238865630
1266: 299076428  59881513, -239194915
1267: 299926962  57868774, -242058188
1268: 299845032  59247083, -240597949
1269: 300732874  60083339, -240649535
1270: 301031091  59403426, -241627665
1271: 301952513  58027213, -243925300
1272: 301718482  59547040, -242171442
1273: 302898616  60312445, -242586171
1274: 302855792  61229984, -241625808
1275: 304078104  57613692, -246464412
1276: 303506160  58961446, -244544714
1277: 304039501  59896233, -244143268
1278: 304416641  61067228, -243349413
1279: 305277790  60888074, -244389716
1280: 304940373  59190247, -245750126
1281: 305902035  60175823, -245726212
1282: 306243756  61151571, -245092185
1283: 307143787  61093014, -246050773
1284: 307352326  59133351, -248218975
1285: 307779073  60228316, -247550757
1286: 308543260  61191198, -247352062
1287: 309152456  61042307, -248110149
1288: 309293697  59283137, -250010560
1289: 309969140  60103649, -249865491
1290: 310252007  61240407, -249011600
1291: 311346076  61844015, -249502061
1292: 311046094  59292311, -251753783
1293: 311642905  60403715, -251239190
1294: 312077294  61332724, -250744570
1295: 312733540  60719910, -252013630
1296: 312376955  59430533, -252946422
1297: 313485962  60194283, -253291679
1298: 314091000  61662506, -252428494
1299: 315092854  62481248, -252611606
1300: 314604000  59199124, -255404876
1301: 315427822  59975985, -255451837
1302: 315981397  61219868, -254761529
1303: 316645457  62004529, -254640928
1304: 316593253  62271830, -254321423
1305: 317741469  60144914, -257596555
1306: 317901139  61359885, -256541254
1307: 319030220  62299102, -256731118
1308: 318930946  62570866, -256360080
1309: 319496587  60669490, -258827097
1310: 320045849  61817725, -258228124
1311: 320928481  62305511, -258622970
1312: 320695010  62754606, -257940404
1313: 322200821  61004355, -261196466
1314: 321914556  61912111, -260002445
1315: 323035153  62697745, -260337408
1316: 322794088  62934693, -259859395
1317: 323187902  60853991, -262333911
1318: 323548365  61971905, -261576460
1319: 324512343  63045538, -261466805
1320: 324640485  61776686, -262863799
1321: 325275787  60868945, -264406842
1322: 327303309  62182835, -265120474
1323: 326651065  63732703, -262918362
1324: 326487989  64176993, -262310996
1325: 327393227  60478385, -266914842
1326: 327545093  61685923, -265859170
1327: 328206410  62795991, -265410419
1328: 327935853  63888890, -264046963
1329: 329304909  64573725, -264731184
1330: 329396797  62142738, -267254059
1331: 330664658  62549472, -268115186
1332: 330140374  64093010, -266047364
1333: 330957742  64223085, -266734657
1334: 331544844  62225852, -269318992
1335: 335081441  62907064, -272174377
1336: 333315784  64321746, -268994038
1337: 334782049  64745766, -270036283
1338: 337078339  63054545, -274023794
1339: 339260915  64364787, -274896128
1340: 334778495  66750331, -268028164
1341: 335140770  64201348, -270939422
1342: 335487184  62368966, -273118218
1343: 336186445  63008137, -273178308
1344: 336213634  64730785, -271482849
1345: 336951993  63791031, -273160962
1346: 337238683  62391148, -274847535
1347: 338575001  63316240, -275258761
1348: 338329986  64593877, -273736109
1349: 338768251  65812354, -272955897
1350: 339355292  62062036, -277293256
1351: 340338847  62742109, -277596738
1352: 340336926  64080443, -276256483
1353: 344421731  64989055, -279432676
1354: 342166492  65288151, -276878341
1355: 342773686  63547610, -279226076
1356: 342538193  64236390, -278301803
1357: 342820329  65234455, -277585874
1358: 343442800  65866557, -277576243
1359: 344175473  63162406, -281013067
1360: 343579621  64925876, -278653745
1361: 344926475  65276776, -279649699
1362: 345212315  65600013, -279612302
1363: 346444298  63535054, -282909244
1364: 346042609  64750614, -281291995
1365: 347006307  65604332, -281401975
1366: 347240459  65769293, -281471166
1367: 348327882  63958785, -284369097
1368: 348068045  64764206, -283303839
1369: 348998898  66054865, -282944033
1370: 350153866  65061547, -285092319
1371: 350946617  63688780, -287257837
1372: 350466203  65023677, -285442526
1373: 351076481  65776839, -285299642
1374: 352006434  66924069, -285082365
1375: 355045800  63943397, -291102403
1376: 353676087  64898554, -288777533
1377: 353206802  65530730, -287676072
1378: 353911463  66533861, -287377602
1379: 354939597  66728661, -288210936
1380: 355096884  64980087, -290116797
