8:     23145     21046,     -2099
9:     24866     23900,      -966
10:     27789     27129,      -660
11:     31743     31089,      -654
12:     35172     35095,       -77
13:     39114     38654,      -460
14:     43922     42400,     -1522
15:     55168     46549,     -8619
16:     62201     50837,    -11364
17:     62719     61031,     -1688
18:     65424     64380,     -1044
19:     69666     68799,      -867
20:     75771     74416,     -1355
21:     82564     81423,     -1141
22:     84018     82679,     -1339
23:     88728     87798,      -930
24:     98892     94337,     -4555
25:     99352     99784,       432
26:    106450    105494,      -956
27:    111773    110646,     -1127
28:    119930    118512,     -1418
29:    129697    128731,      -966
30:    139756    137268,     -2488
31:    141806    140021,     -1785
32:    171938    161357,    -10581
33:    176576    160872,    -15704
34:    205941    127564,    -78377
35:    134698    133807,      -891
36:    141178    140200,      -978
37:    148001    144049,     -3952
38:    154646    151477,     -3169
39:    158004    157222,      -782
40:    118487    114653,     -3834
41:    119376    115796,     -3580
42:    125570    130256,      4686
43:    121774    120565,     -1209
44:    125278    123546,     -1732
45:    144895    129907,    -14988
46:    140872    137313,     -3559
47:    144075    141563,     -2512
48:    149430    156403,      6973
49:    166720    153027,    -13693
50:    167326    158712,     -8614
51:    164963    162276,     -2687
52:    166949    166438,      -511
53:    172124    183335,     11211
54:    179385    178199,     -1186
55:    182929    203004,     20075
56:    186180    190580,      4400
57:    193289    206025,     12736
58:    202201    201566,      -635
59:    221834    214058,     -7776
60:    216154    215151,     -1003
61:    219815    221015,      1200
62:    228148    227831,      -317
63:    235624    235872,       248
64:    245756    242445,     -3311
65:    248083    246899,     -1184
66:    254756    253951,      -805
67:    275998    261016,    -14982
68:    267629    266094,     -1535
69:    274471    273545,      -926
70:    282577    281777,      -800
71:    310085    286049,    -24036
72:    295080    294796,      -284
73:    303179    302245,      -934
74:    315905    308562,     -7343
75:    318613    315970,     -2643
76:    328957    328958,         1
77:    337026    336044,      -982
78:    365211    344764,    -20447
79:    354527    353517,     -1010
80:    361460    364867,      3407
81:    368823    367492,     -1331
82:    372941    383429,     10488
83:    381759    380208,     -1551
84:    397327    387680,     -9647
85:    397149    396225,      -924
86:    402601    400808,     -1793
87:    412179    410776,     -1403
88:    422644    421883,      -761
89:    445975    431570,    -14405
90:    441470    440548,      -922
91:    459298    450689,     -8609
92:    460070    459157,      -913
93:    474613    473987,      -626
94:    484862    485517,       655
95:    490759    489845,      -914
96:    499643    498700,      -943
97:    519701    509927,     -9774
98:    517893    517132,      -761
99:    527521    527289,      -232
100:    539756    538575,     -1181
101:    548433    552740,      4307
102:    558278    556785,     -1493
103:    567986    566149,     -1837
104:    578124    577696,      -428
105:    599546    593730,     -5816
106:    598283    604843,      6560
107:    612013    611046,      -967
108:    619892    616358,     -3534
109:    623101    618238,     -4863
110:    641611    639133,     -2478
111:    650752    646882,     -3870
112:    674260    664109,    -10151
113:    683415    687325,      3910
114:    689746    719901,     30155
115:    704028    700910,     -3118
116:    714047    713817,      -230
117:    728613    737844,      9231
118:    735684    748746,     13062
119:    748226    729970,    -18256
120:    757395    755765,     -1630
121:    758230    753943,     -4287
122:    780517    781091,       574
123:    792020    798653,      6633
124:    802214    802473,       259
125:    840860    810752,    -30108
126:    831319    823887,     -7432
127:    833710    829871,     -3839
128:    851351    873895,     22544
129:    864189    861251,     -2938
130:    871844    901907,     30063
131:    908011    918212,     10201
132:    898841    895958,     -2883
133:    944558    924449,    -20109
134:    927922    927805,      -117
135:    941173    936460,     -4713
136:    958209    953651,     -4558
137:    968118    965440,     -2678
138:    982147    976229,     -5918
139:    990922    985564,     -5358
140:   1000284   1027717,     27433
141:   1017804   1012889,     -4915
142:   1024817   1024921,       104
143:   1044034   1045829,      1795
144:   1056021   1057232,      1211
145:   1068085   1095853,     27768
146:   1080202   1077868,     -2334
147:   1098786   1102708,      3922
148:   1106439   1101750,     -4689
149:   1125699   1125218,      -481
150:   1137007   1134493,     -2514
151:   1153678   1162512,      8834
152:   1166476   1163289,     -3187
153:   1191564   1180404,    -11160
154:   1191012   1220888,     29876
155:   1204906   1224556,     19650
156:   1225989   1228528,      2539
157:   1233275   1238668,      5393
158:   1254042   1284020,     29978
159:   1277121   1277058,       -63
160:   1278748   1294169,     15421
161:   1297108   1292403,     -4705
162:   1308467   1296224,    -12243
163:   1334528   1317463,    -17065
164:   1347497   1320253,    -27244
165:   1351076   1334858,    -16218
166:   1370067   1360433,     -9634
167:   1390080   1362078,    -28002
168:   1394919   1380664,    -14255
169:   1431473   1385526,    -45947
170:   1524620   1412853,   -111767
171:   1464453   1424461,    -39992
172:   1480086   1423068,    -57018
173:   1496994   1439544,    -57450
174:   1502318   1478413,    -23905
175:   1523212   1475301,    -47911
176:   1534935   1458969,    -75966
177:   1566905   1485075,    -81830
178:   1565030   1582183,     17153
179:   1583016   1521986,    -61030
180:   1592387   1530273,    -62114
181:   1612434   1561859,    -50575
182:   1624086   1591928,    -32158
183:   1653490   1609960,    -43530
184:   1660707   1590826,    -69881
185:   1710537   1645917,    -64620
186:   1694498   1656426,    -38072
187:   1743145   1674426,    -68719
188:   1724459   1686659,    -37800
189:   1744542   1700453,    -44089
190:   1770128   1711856,    -58272
191:   1795473   1745624,    -49849
192:   1796989   1780651,    -16338
193:   1829086   1797772,    -31314
194:   1832528   1820968,    -11560
195:   1854173   1817625,    -36548
196:   1869969   1869374,      -595
197:   1911212   1897424,    -13788
198:   1900520   1862995,    -37525
199:   1947056   1891924,    -55132
200:   1947332   1931189,    -16143
201:   1968967   1923860,    -45107
202:   1986946   1923764,    -63182
203:   1992205   1963446,    -28759
204:   2012895   1927404,    -85491
205:   2033769   1975743,    -58026
206:   2049433   1990425,    -59008
207:   2070387   2002399,    -67988
208:   2116319   2020113,    -96206
209:   2124011   2025035,    -98976
210:   2135588   2032357,   -103231
211:   2147360   2045068,   -102292
212:   2165751   2091444,    -74307
213:   2182226   2076880,   -105346
214:   2200786   2090292,   -110494
215:   2229129   2134623,    -94506
216:   2238795   2113282,   -125513
217:   2268504   2149828,   -118676
218:   2281651   2186369,    -95282
219:   2315889   2174875,   -141014
220:   2326230   2227970,    -98260
221:   2356861   2260748,    -96113
222:   2370808   2242456,   -128352
223:   2399856   2263459,   -136397
224:   2400692   2309612,    -91080
225:   2439301   2281740,   -157561
226:   2444747   2318047,   -126700
227:   2483430   2365431,   -117999
228:   2474282   2345250,   -129032
229:   2502473   2390217,   -112256
230:   2525541   2411251,   -114290
231:   2543173   2411481,   -131692
232:   2555397   2429508,   -125889
233:   2583951   2464008,   -119943
234:   2599632   2436347,   -163285
235:   2627466   2472552,   -154914
236:   2645683   2575921,    -69762
237:   2659191   2510065,   -149126
238:   2701469   2546941,   -154528
239:   2716105   2548997,   -167108
240:   2720869   2613299,   -107570
241:   2749949   2604985,   -144964
242:   2781034   2569217,   -211817
243:   2802506   2619935,   -182571
244:   2822060   2658749,   -163311
245:   2872439   2638837,   -233602
246:   2852173   2641185,   -210988
247:   2891331   2679074,   -212257
248:   2895383   2694168,   -201215
249:   2925490   2679026,   -246464
250:   2965314   2718034,   -247280
251:   2963413   2761487,   -201926
252:   2985591   2765270,   -220321
253:   3011135   2810530,   -200605
254:   3042053   2819791,   -222262
255:   3085483   2825832,   -259651
256:  14669172   2881623, -11787549
257:  14697704   2915963, -11781741
258:  14861519   2858477, -12003042
259:  14986128   2898203, -12087925
260:  15117980   2948893, -12169087
261:  15177366   2919513, -12257853
262:  16158915   3357555, -12801360
263:  15726818   2982025, -12744793
264:  15513312   2975063, -12538249
265:  15745212   3002599, -12742613
266:  15854765   3028412, -12826353
267:  15854769   3067535, -12787234
268:  16061065   3060304, -13000761
269:  16110037   3119663, -12990374
270:  16281015   3090736, -13190279
271:  16416869   3137293, -13279576
272:  16538135   3146385, -13391750
273:  16631253   3160948, -13470305
274:  16808597   3244150, -13564447
275:  16936193   3216511, -13719682
276:  16994577   3311593, -13682984
277:  17144846   3274421, -13870425
278:  17270489   3288593, -13981896
279:  17337811   3338577, -13999234
280:  17517271   3323570, -14193701
281:  17603691   3374318, -14229373
282:  17688204   3333265, -14354939
283:  17798601   3384000, -14414601
284:  17922573   3446377, -14476196
285:  18088225   3368432, -14719793
286:  18259426   3432986, -14826440
287:  18353371   3473095, -14880276
288:  18445821   3457100, -14988721
289:  18515283   3483469, -15031814
290:  18728309   3532199, -15196110
291:  19240706   3554333, -15686373
292:  18925250   3552811, -15372439
293:  19178001   3583184, -15594817
294:  19197020   3587071, -15609949
295:  19374951   3590361, -15784590
296:  19498341   3654552, -15843789
297:  19617650   3640100, -15977550
298:  19736298   3717259, -16019039
299:  19828035   3704148, -16123887
300:  19994151   3676958, -16317193
301:  20196760   3711066, -16485694
302:  20249954   3765527, -16484427
303:  20449839   3834438, -16615401
304:  20637231   3827533, -16809698
305:  20775828   3883222, -16892606
306:  21016105   3852066, -17164039
307:  22115120   3892820, -18222300
308:  21071069   3948395, -17122674
309:  21171252   3960968, -17210284
310:  21695898   4113101, -17582797
311:  23550553   4838808, -18711745
312:  22565195   4550874, -18014321
313:  22408491   4262368, -18146123
314:  22265425   4230080, -18035345
315:  22373664   4111504, -18262160
316:  22805632   4275111, -18530521
317:  23138654   4278371, -18860283
318:  22526377   4176549, -18349828
319:  22735069   4158676, -18576393
320:  22845351   4188467, -18656884
321:  22973577   4182349, -18791228
322:  23242059   4194863, -19047196
323:  23302450   4260220, -19042230
324:  23433034   4340877, -19092157
325:  23782273   4296232, -19486041
326:  23693051   4338504, -19354547
327:  23776101   4321124, -19454977
328:  23965578   4342979, -19622599
329:  24056004   4384826, -19671178
330:  24108713   4388000, -19720713
331:  24338979   4409917, -19929062
332:  24449825   4456082, -19993743
333:  24660118   4467666, -20192452
334:  24860976   4533359, -20327617
335:  24994261   4548358, -20445903
336:  25072578   4507985, -20564593
337:  25308939   4572445, -20736494
338:  25383257   4604036, -20779221
339:  25634840   4595730, -21039110
340:  25612383   4654651, -20957732
341:  27517899   5222188, -22295711
342:  26024715   4684248, -21340467
343:  26244131   4704383, -21539748
344:  26332013   4717819, -21614194
345:  26380578   4715694, -21664884
346:  26796517   4839277, -21957240
347:  26649002   4777914, -21871088
348:  26774835   4773464, -22001371
349:  26968507   4810624, -22157883
350:  27241158   4845147, -22396011
351:  27400883   4858721, -22542162
352:  27448137   4904717, -22543420
353:  27634476   4944979, -22689497
354:  27715526   4861731, -22853795
355:  27854879   4939748, -22915131
356:  28100701   4985778, -23114923
357:  28290076   4970595, -23319481
358:  28410840   5047866, -23362974
359:  28652534   5073051, -23579483
360:  28707106   5048680, -23658426
361:  29037180   5130808, -23906372
362:  29172690   5193880, -23978810
363:  29339751   5176014, -24163737
364:  29454643   5277342, -24177301
365:  29634180   5222355, -24411825
366:  29876804   5225755, -24651049
367:  29848798   5236428, -24612370
368:  29975741   5306972, -24668769
369:  30333779   5302836, -25030943
370:  31947824   5807256, -26140568
371:  30609385   5369855, -25239530
372:  30716404   5364518, -25351886
373:  30794437   5376374, -25418063
374:  30932930   5399299, -25533631
375:  31097011   5430368, -25666643
376:  31287225   5465667, -25821558
377:  31384486   5530546, -25853940
378:  31640074   5476080, -26163994
379:  31925938   5513834, -26412104
380:  31909827   5613991, -26295836
381:  32140064   5564669, -26575395
382:  32270542   5596245, -26674297
383:  32564256   5648031, -26916225
384:  32682167   5608819, -27073348
385:  32746090   5662408, -27083682
386:  32989295   5706373, -27282922
387:  33370645   5711346, -27659299
388:  33292532   5792474, -27500058
389:  33601305   5844550, -27756755
390:  33852056   6223481, -27628575
391:  34459115   6808783, -27650332
392:  34188180   5950727, -28237453
393:  34343821   5964446, -28379375
394:  34622372   6638173, -27984199
395:  35306037   6602081, -28703956
396:  34983422   6040460, -28942962
397:  34979680   6043110, -28936570
398:  35283412   6141249, -29142163
399:  35466722   6151700, -29315022
400:  35418091   6383936, -29034155
401:  35609015   6224569, -29384446
402:  35737380   6169017, -29568363
403:  35883290   6242265, -29641025
404:  36080754   6354294, -29726460
405:  36325659   6218942, -30106717
406:  36571169   6245710, -30325459
407:  36641061   6335291, -30305770
408:  36849717   6290565, -30559152
409:  36914173   6351519, -30562654
410:  37106498   6429840, -30676658
411:  37304592   6384041, -30920551
412:  37618978   6530600, -31088378
413:  37816636   6547087, -31269549
414:  37869185   6405590, -31463595
415:  38223123   6573973, -31649150
416:  38377888   6565091, -31812797
417:  38657892   6559843, -32098049
418:  39383557   6671708, -32711849
419:  39056433   6709617, -32346816
420:  39392708   6601819, -32790889
421:  39198886   6707091, -32491795
422:  39457015   6749658, -32707357
423:  39538653   6694177, -32844476
424:  39935930   6725457, -33210473
425:  40089799   6843155, -33246644
426:  40226298   6753503, -33472795
427:  40258113   6844677, -33413436
428:  40451902   6886972, -33564930
429:  40645080   6841547, -33803533
430:  40833700   6932250, -33901450
431:  41319659   7059149, -34260510
432:  46015726   7986582, -38029144
433:  42110415   7162130, -34948285
434:  42178780   7113181, -35065599
435:  42492178   7013192, -35478986
436:  42146694   7069295, -35077399
437:  42919744   7124934, -35794810
438:  44691525   7078297, -37613228
439:  42559851   7170018, -35389833
440:  42813070   7244789, -35568281
441:  43057083   7132273, -35924810
442:  43153626   7170921, -35982705
443:  43364355   7240956, -36123399
444:  44063224   7291613, -36771611
445:  43808647   7275905, -36532742
446:  44102608   7404519, -36698089
447:  44090129   7326650, -36763479
448:  44347932   7381393, -36966539
449:  44484579   7462109, -37022470
450:  44961402   7319667, -37641735
451:  44848805   7386877, -37461928
452:  45117164   7464843, -37652321
453:  45422160   7507053, -37915107
454:  45821345   7554796, -38266549
455:  45788829   7656712, -38132117
456:  46036740   7577618, -38459122
457:  46473527   7647154, -38826373
458:  46296576   7835790, -38460786
459:  46546455   7674524, -38871931
460:  47049552   7771577, -39277975
461:  48658182   7831467, -40826715
462:  47085118   7888449, -39196669
463:  47422293   7970285, -39452008
464:  47619972   7953071, -39666901
465:  47746293   7953138, -39793155
466:  47946514   8024005, -39922509
467:  48380021   8072520, -40307501
468:  48443221   7994898, -40448323
469:  48520325   8036195, -40484130
470:  48841610   8141422, -40700188
471:  48977242   8060886, -40916356
472:  49295694   8163883, -41131811
473:  49407013   8242868, -41164145
474:  52782426   8448305, -44334121
475:  49732574   8239340, -41493234
476:  50043548   8326103, -41717445
477:  50133206   8164680, -41968526
478:  50416834   8261044, -42155790
479:  50576008   8309288, -42266720
480:  50848092   8241863, -42606229
481:  51157383   8322309, -42835074
482:  51370936   8354447, -43016489
483:  51498961   8304989, -43193972
484:  51673480   8506360, -43167120
485:  51973884   8556320, -43417564
486:  52202050   8387031, -43815019
487:  52281577   8452208, -43829369
488:  52562827   8554147, -44008680
489:  52751802   8529765, -44222037
490:  53614302   9306427, -44307875
491:  53254881   8663639, -44591242
492:  53462020   8557994, -44904026
493:  53745204   8665463, -45079741
494:  53853007   8730810, -45122197
495:  54093250   8657193, -45436057
496:  54281253   8719147, -45562106
497:  54438597   8766082, -45672515
498:  54780354   8802267, -45978087
499:  54889302   8794462, -46094840
500:  55271089   8841362, -46429727
501:  55345427   8828669, -46516758
502:  55715397   8919494, -46795903
503:  55906166   8986299, -46919867
504:  56091250   8827711, -47263539
505:  56134569   8887923, -47246646
506:  56596158   8944688, -47651470
507:  56830948   8954382, -47876566
508:  56952713   9019549, -47933164
509:  57248301   9135601, -48112700
510:  57352740   9066953, -48285787
511:  57717703   9115038, -48602665
512:  57874524   9183348, -48691176
513:  58028194   9124829, -48903365
514:  58336851   9117164, -49219687
515:  58488432  10637759, -47850673
516:  58830184   9193582, -49636602
517:  59001835   9617672, -49384163
518:  59234966   9391980, -49842986
519:  59451424   9371976, -50079448
520:  62535739   9412261, -53123478
521:  59940195   9566838, -50373357
522:  60192494   9508527, -50683967
523:  60542684   9525561, -51017123
524:  60931575   9626644, -51304931
525:  61009382   9605918, -51403464
526:  61520112   9709636, -51810476
527:  61361036   9679010, -51682026
528:  61671126   9680778, -51990348
529:  61885594   9643441, -52242153
530:  61994763   9693198, -52301565
531:  62049038   9554232, -52494806
532:  62341376   9647296, -52694080
533:  62709476   9786996, -52922480
534:  64136768   9710102, -54426666
535:  63050822   9830538, -53220284
536:  63435771   9856835, -53578936
537:  63542820   9858055, -53684765
538:  63777984   9955220, -53822764
539:  64101889  10210336, -53891553
540:  64302758   9774730, -54528028
541:  64779718   9917736, -54861982
542:  64712735   9971813, -54740922
543:  65172956   9954660, -55218296
544:  65589028  10112576, -55476452
545:  65423223  10205287, -55217936
546:  65752754  10142263, -55610491
547:  67963687  10266584, -57697103
548:  66410080  10328767, -56081313
549:  66688046  10184060, -56503986
550:  67079648  10309498, -56770150
551:  67618796  10415765, -57203031
552:  67344126  10416401, -56927725
553:  67680212  10513437, -57166775
554:  67946491  10532273, -57414218
555:  68147117  10512530, -57634587
556:  68380357  10622528, -57757829
557:  68515431  10695200, -57820231
558:  68859857  10477834, -58382023
559:  68798026  10901555, -57896471
560:  69138214  10600677, -58537537
561:  69463608  10575139, -58888469
562:  69670072  10664529, -59005543
563:  69971407  10742796, -59228611
564:  70182556  10682494, -59500062
565:  70271926  10737759, -59534167
566:  70631944  10824428, -59807516
567:  70756077  10772101, -59983976
568:  71027629  10784002, -60243627
569:  71540316  10925129, -60615187
570:  71523451  10822913, -60700538
571:  71768637  10913569, -60855068
572:  74863473  11068141, -63795332
573:  72279305  11043376, -61235929
574:  72661816  11128734, -61533082
575:  73046734  11265010, -61781724
576:  73101258  11092670, -62008588
577:  73463151  11143794, -62319357
578:  73691070  11303518, -62387552
579:  74047567  11320001, -62727566
580:  74333935  11459033, -62874902
581:  74712692  11480006, -63232686
582:  74776039  11349492, -63426547
583:  75151551  11553011, -63598540
584:  75106691  11520484, -63586207
585:  75310938  11382874, -63928064
586:  75563476  11379071, -64184405
587:  75843939  11730590, -64113349
588:  76236570  11447348, -64789222
589:  76559950  11625323, -64934627
590:  76645107  11650659, -64994448
591:  76940387  11820612, -65119775
592:  77191510  11587535, -65603975
593:  77430661  11834640, -65596021
594:  77699823  11559855, -66139968
595:  78066684  11665262, -66401422
596:  78474448  11853124, -66621324
597:  78558302  11866980, -66691322
598:  78753294  11929620, -66823674
599:  79012048  12034670, -66977378
600:  79338899  12015711, -67323188
601:  79483220  11972792, -67510428
602:  79761348  12080463, -67680885
603:  80318925  11942330, -68376595
604:  80296041  12032696, -68263345
605:  81653081  12865517, -68787564
606:  80980245  12173075, -68807170
607:  81289812  12178609, -69111203
608:  81441853  12153988, -69287865
609:  81800239  12272785, -69527454
610:  81931394  12283269, -69648125
611:  82087336  12351788, -69735548
612:  82505708  12106534, -70399174
613:  82607921  12146976, -70460945
614:  82936736  12293936, -70642800
615:  83135956  12293852, -70842104
616:  83765630  12454261, -71311369
617:  83799163  12494448, -71304715
618:  84498480  12561749, -71936731
619:  84511567  12654525, -71857042
620:  84749180  12622245, -72126935
621:  85190855  12473221, -72717634
622:  85286487  12611270, -72675217
623:  85376708  12646790, -72729918
624:  86155844  12601026, -73554818
625:  86014246  12719376, -73294870
626:  86283387  12704339, -73579048
627:  86556619  12750296, -73806323
628:  86801660  12782935, -74018725
629:  87252429  12885014, -74367415
630:  87634070  12677380, -74956690
631:  87740653  12733658, -75006995
632:  88128217  12909914, -75218303
633:  88303850  12849629, -75454221
634:  88446288  13010156, -75436132
635:  88921860  13057980, -75863880
636:  89108370  12980656, -76127714
637:  89308618  13154270, -76154348
638:  89752974  13183526, -76569448
639:  90010529  13030235, -76980294
640:  90571176  13224014, -77347162
641:  90659060  13347741, -77311319
642:  91108661  13293405, -77815256
643:  91139913  13386978, -77752935
644:  91519165  13283977, -78235188
645:  91874889  13393631, -78481258
646:  91970746  13384790, -78585956
647:  92277914  13494841, -78783073
648:  92449567  13149084, -79300483
649:  92847199  13382414, -79464785
650:  93204353  13452306, -79752047
651:  93223524  13432158, -79791366
652:  93790946  13503131, -80287815
653:  93945202  13528707, -80416495
654:  94621348  13590929, -81030419
655:  94808633  13696683, -81111950
656:  95071219  13782672, -81288547
657:  96384897  13661271, -82723626
658:  95761078  13761715, -81999363
659:  95958492  13873076, -82085416
660:  96253465  13806734, -82446731
661:  96563188  14052441, -82510747
662:  96928650  13928829, -82999821
663:  96770090  13900013, -82870077
664:  96930527  13931186, -82999341
665:  97399645  14047472, -83352173
666:  97639396  13709987, -83929409
667:  98222713  13872929, -84349784
668:  98256773  13908937, -84347836
669:  98666004  14088353, -84577651
670:  98834166  14153987, -84680179
671:  99246420  14439097, -84807323
672:  99916970  14350488, -85566482
673: 100183929  14301567, -85882362
674: 100278315  14368249, -85910066
675: 100463299  14219928, -86243371
676: 102103202  14342761, -87760441
677: 100759311  14813171, -85946140
678: 101200554  14489577, -86710977
679: 101508888  14506332, -87002556
680: 101878698  14514059, -87364639
681: 102259793  14513010, -87746783
682: 102233076  14501142, -87731934
683: 102733308  14542120, -88191188
684: 103050700  14463717, -88586983
685: 103460623  14686589, -88774034
686: 103992219  14771273, -89220946
687: 104101606  14795094, -89306512
688: 104699692  14731906, -89967786
689: 105037895  14866503, -90171392
690: 105167406  14893496, -90273910
691: 105352006  15048455, -90303551
692: 105683087  14973495, -90709592
693: 105683474  14798007, -90885467
694: 106203317  14891266, -91312051
695: 106238328  15091185, -91147143
696: 106618618  14956214, -91662404
697: 107302302  15159173, -92143129
698: 107532825  15024742, -92508083
699: 107793241  15248167, -92545074
700: 108100260  15184168, -92916092
701: 108094188  15309803, -92784385
702: 109437272  15130972, -94306300
703: 109189329  15237549, -93951780
704: 109402407  15417195, -93985212
705: 109676109  15460800, -94215309
706: 109655559  15369552, -94286007
707: 109898717  15466675, -94432042
708: 110222986  15466026, -94756960
709: 110530181  15525798, -95004383
710: 110852852  15641721, -95211131
711: 111190239  15422456, -95767783
712: 111547745  15537966, -96009779
713: 112312578  15771145, -96541433
714: 112915202  15824519, -97090683
715: 112778182  15807102, -96971080
716: 113100309  15755226, -97345083
717: 113349479  15712019, -97637460
718: 113771162  15868090, -97903072
719: 122144630  16084190, -106060440
720: 116856513  15761272, -101095241
721: 114259031  15786485, -98472546
722: 115002404  15967096, -99035308
723: 114901999  15822858, -99079141
724: 115476611  16085510, -99391101
725: 115586399  16043285, -99543114
726: 116024619  16091875, -99932744
727: 116455286  16130447, -100324839
728: 116569805  16279882, -100289923
729: 117388194  16152335, -101235859
730: 118087923  16196438, -101891485
731: 117774100  16347042, -101427058
732: 117919792  16302992, -101616800
733: 118175598  16339787, -101835811
734: 118640581  16308527, -102332054
735: 119801446  16478773, -103322673
736: 119088146  16374230, -102713916
737: 119418921  16532969, -102885952
738: 119803810  16104501, -103699309
739: 120162993  16361779, -103801214
740: 120738839  16408035, -104330804
741: 120807735  16441313, -104366422
742: 127287228  16662776, -110624452
743: 121318612  16738100, -104580512
744: 121865873  16763406, -105102467
745: 122080713  16754541, -105326172
746: 122471310  16792324, -105678986
747: 122791373  16603047, -106188326
748: 122977378  16732068, -106245310
749: 125536274  16924653, -108611621
750: 123654404  16814720, -106839684
751: 124224954  16985992, -107238962
752: 124306990  16909277, -107397713
753: 124671201  16968036, -107703165
754: 125109274  17002785, -108106489
755: 125423524  17164430, -108259094
756: 127977333  16956821, -111020512
757: 126236014  17072121, -109163893
758: 126416821  17145903, -109270918
759: 126818013  17139343, -109678670
760: 127278588  17265770, -110012818
761: 127435194  17277052, -110158142
762: 127724785  17295079, -110429706
763: 128100317  17363193, -110737124
764: 129094507  17683612, -111410895
765: 128998203  17362951, -111635252
766: 130015018  17645109, -112369909
767: 130354727  17681218, -112673509
768: 129677604  17563097, -112114507
769: 132389250  17878183, -114511067
770: 133802474  17858896, -115943578
771: 131992626  17722115, -114270511
772: 131113086  17631792, -113481294
773: 135433484  18249744, -117183740
774: 132438002  17556414, -114881588
775: 133672678  17878927, -115793751
776: 134423055  18401695, -116021360
777: 133295252  17837339, -115457913
778: 136393393  18024270, -118369123
779: 134013409  17998101, -116015308
780: 135352929  18130855, -117222074
781: 137011031  18179890, -118831141
782: 135136981  18175895, -116961086
783: 140883844  19116329, -121767515
784: 135579595  18100798, -117478797
785: 137572517  18480675, -119091842
786: 136075207  18384252, -117690955
787: 136904161  18304941, -118599220
788: 137741786  18386975, -119354811
789: 137960136  18365927, -119594209
790: 137406554  18539750, -118866804
791: 138009305  18650002, -119359303
792: 138106223  18285691, -119820532
793: 138239459  18282979, -119956480
794: 138822564  18434814, -120387750
795: 140301844  18760356, -121541488
796: 141012056  18799873, -122212183
797: 140725069  19753894, -120971175
798: 140038964  18749153, -121289811
799: 141335469  18974262, -122361207
800: 140685613  18677717, -122007896
801: 141125196  18394103, -122731093
802: 143652604  19595584, -124057020
803: 141788400  18890911, -122897489
804: 142927397  19156827, -123770570
805: 143885646  19072839, -124812807
806: 142768765  18843710, -123925055
807: 143109062  19081202, -124027860
808: 145573145  19030944, -126542201
809: 143966244  19152826, -124813418
810: 144175928  18929048, -125246880
811: 145431357  18921556, -126509801
812: 145039373  19232959, -125806414
813: 145191470  19165843, -126025627
814: 148206651  19332505, -128874146
815: 146167036  19249525, -126917511
816: 146343437  19412531, -126930906
817: 146876782  19377973, -127498809
818: 147156095  19433595, -127722500
819: 147391147  19305005, -128086142
820: 149496290  19441362, -130054928
821: 148290734  19556283, -128734451
822: 148765356  19543360, -129221996
823: 148951846  19573947, -129377899
824: 149438302  19522620, -129915682
825: 149661604  19607244, -130054360
826: 150177265  19813760, -130363505
827: 150263500  19822551, -130440949
828: 150699629  19590179, -131109450
829: 151084259  19655691, -131428568
830: 151516220  19779837, -131736383
831: 151908510  19759198, -132149312
832: 152122812  19959952, -132162860
833: 152434309  19981739, -132452570
834: 152939715  20018493, -132921222
835: 153272614  20090246, -133182368
836: 153579658  20158535, -133421123
837: 156914934  19962277, -136952657
838: 154453110  20145839, -134307271
839: 154766412  20278506, -134487906
840: 155021173  20212359, -134808814
841: 155512730  20397498, -135115232
842: 155973567  20308571, -135664996
843: 156104495  20457862, -135646633
844: 156758063  20513567, -136244496
845: 157529483  20578961, -136950522
846: 158582457  20625090, -137957367
847: 157633244  20462428, -137170816
848: 161503969  21221438, -140282531
849: 159573801  20665197, -138908604
850: 159138432  20669494, -138468938
851: 159565265  20692126, -138873139
852: 159646857  20805636, -138841221
853: 160412474  21159218, -139253256
854: 160303249  20872229, -139431020
855: 161023768  20718823, -140304945
856: 162959393  21150304, -141809089
857: 161311127  20954232, -140356895
858: 161891280  20756611, -141134669
859: 163720767  21139095, -142581672
860: 162413249  20933917, -141479332
861: 162951729  21037943, -141913786
862: 163460761  21124691, -142336070
863: 163780868  21192029, -142588839
864: 163917012  20869476, -143047536
865: 164517550  21024055, -143493495
866: 164930914  21243174, -143687740
867: 165385113  21111930, -144273183
868: 165629604  21278635, -144350969
869: 166283828  21342594, -144941234
870: 166368913  21379929, -144988984
871: 167237332  21527419, -145709913
872: 167001453  21594181, -145407272
873: 167643203  21446991, -146196212
874: 167799493  21405901, -146393592
875: 170731289  21668837, -149062452
876: 168621878  21693032, -146928846
877: 168882942  21724008, -147158934
878: 169350816  21703508, -147647308
879: 169716542  21862715, -147853827
880: 173097127  21806847, -151290280
881: 170587743  21980269, -148607474
882: 170950959  21745936, -149205023
883: 171355363  21702154, -149653209
884: 173036618  22108100, -150928518
885: 174848071  22083936, -152764135
886: 172521655  21984537, -150537118
887: 172828179  22114411, -150713768
888: 173143783  22189681, -150954102
889: 173748999  22249074, -151499925
890: 177096074  22212268, -154883806
891: 174652345  22046039, -152606306
892: 175037518  22089740, -152947778
893: 175830181  22667780, -153162401
894: 176294166  22563551, -153730615
895: 177704027  22419075, -155284952
896: 176631859  22333167, -154298692
897: 177643032  22654131, -154988901
898: 177158771  22595737, -154563034
899: 177401236  22755721, -154645515
900: 179901028  22518956, -157382072
901: 178572147  22551406, -156020741
902: 178845868  22838134, -156007734
903: 179221204  22772825, -156448379
904: 180940350  23630967, -157309383
905: 182627123  23073790, -159553333
906: 180146366  23000253, -157146113
907: 180767464  22967006, -157800458
908: 181071828  23272528, -157799300
909: 181529704  23100147, -158429557
910: 182381953  23172175, -159209778
911: 182385188  23438625, -158946563
912: 182571993  23364480, -159207513
913: 183366309  23504702, -159861607
914: 183456211  23427396, -160028815
915: 183895515  23610012, -160285503
916: 184403699  23449513, -160954186
917: 184862373  23674146, -161188227
918: 184958945  23270676, -161688269
919: 185755952  23451672, -162304280
920: 186241251  23803000, -162438251
921: 186690897  23578366, -163112531
922: 186604209  23818290, -162785919
923: 187457166  23866530, -163590636
924: 187739971  23805186, -163934785
925: 188553624  23890065, -164663559
926: 188462457  24007787, -164454670
927: 188576920  23900087, -164676833
928: 189266726  23934318, -165332408
929: 189638388  24122603, -165515785
930: 190082186  24029725, -166052461
931: 190167799  24095535, -166072264
932: 190744384  23851780, -166892604
933: 191396584  24253920, -167142664
934: 191731311  24044706, -167686605
935: 192460070  24400880, -168059190
936: 192335650  23890217, -168445433
937: 192838366  24147589, -168690777
938: 193446055  24195673, -169250382
939: 193836609  24182645, -169653964
940: 194138367  24327047, -169811320
941: 194614982  24521951, -170093031
942: 196195875  24395038, -171800837
943: 195548509  24545655, -171002854
944: 195824016  24659393, -171164623
945: 196436552  24548078, -171888474
946: 197064604  24543720, -172520884
947: 197376469  24883903, -172492566
948: 197572072  24599562, -172972510
949: 197840748  24861060, -172979688
950: 198302742  24835334, -173467408
951: 199491049  24874958, -174616091
952: 199541155  24975338, -174565817
953: 199378650  25098483, -174280167
954: 200169312  24753610, -175415702
955: 200621158  24954073, -175667085
956: 201209313  25225893, -175983420
957: 201471020  25104499, -176366521
958: 201744547  25330348, -176414199
959: 202090777  25295239, -176795538
960: 202736490  25215658, -177520832
961: 203108192  25315579, -177792613
962: 203504460  25486877, -178017583
963: 203785275  25246691, -178538584
964: 204525998  25343158, -179182840
965: 204623426  25673474, -178949952
966: 205133399  25564195, -179569204
967: 205630539  25586196, -180044343
968: 206380979  25486314, -180894665
969: 206886008  25611822, -181274186
970: 208478833  25646076, -182832757
971: 207383112  25816079, -181567033
972: 207878832  25311851, -182566981
973: 208025950  25490707, -182535243
974: 208514730  25736687, -182778043
975: 208822135  25653397, -183168738
976: 209258864  25863267, -183395597
977: 209908415  26031446, -183876969
978: 210400256  25929517, -184470739
979: 210621299  25922908, -184698391
980: 211090484  26048399, -185042085
981: 211837391  25964211, -185873180
982: 212120037  25998776, -186121261
983: 212618099  26243595, -186374504
984: 212761264  26154352, -186606912
985: 213506398  26269729, -187236669
986: 213533598  26050157, -187483441
987: 213951021  26427594, -187523427
988: 214606630  26472194, -188134436
989: 215144131  26518912, -188625219
990: 215666237  26184137, -189482100
991: 215986201  26278648, -189707553
992: 216346606  26563003, -189783603
993: 217267186  26383554, -190883632
994: 217364164  26576702, -190787462
995: 217727546  26621529, -191106017
996: 218266037  26643355, -191622682
997: 218632621  26741084, -191891537
998: 218911404  26979252, -191932152
999: 219294931  26679802, -192615129
