8:     14740     13380,     -1360
9:     12338     11642,      -696
10:     13726     13358,      -368
11:     15561     15136,      -425
12:     17215     16876,      -339
13:     19189     18777,      -412
14:     21271     20969,      -302
15:     23570     23042,      -528
16:     26733     25888,      -845
17:     30087     28762,     -1325
18:     31908     31057,      -851
19:     34493     33387,     -1106
20:     36107     35267,      -840
21:     38702     37881,      -821
22:     40942     40015,      -927
23:     42977     42756,      -221
24:     46085     45813,      -272
25:     48590     47669,      -921
26:     51811     50535,     -1276
27:     55270     54933,      -337
28:     59995     59002,      -993
29:     63400     61947,     -1453
30:     68596     68035,      -561
31:     69516     67683,     -1833
32:     76647     76552,       -95
33:     78972     78357,      -615
34:     82170     81781,      -389
35:     85874     85630,      -244
36:     90416     89754,      -662
37:     92880     92154,      -726
38:     96567     96156,      -411
39:    101782    101109,      -673
40:    114567    106055,     -8512
41:    111445    110705,      -740
42:    118762    117969,      -793
43:    121883    120899,      -984
44:    137490    133166,     -4324
45:    141034    139663,     -1371
46:    160820    149365,    -11455
47:    142448    140993,     -1455
48:    148800    147905,      -895
49:    163981    152600,    -11381
50:    158381    165196,      6815
51:    168700    183020,     14320
52:    194005    189727,     -4278
53:    185844    181457,     -4387
54:    206406    195317,    -11089
55:    181920    200947,     19027
56:    185727    184771,      -956
57:    194746    194317,      -429
58:    202238    201545,      -693
59:    209973    233159,     23186
60:    214689    213533,     -1156
61:    222762    221872,      -890
62:    250297    229734,    -20563
63:    240247    239232,     -1015
64:    242891    242206,      -685
65:    249026    247919,     -1107
66:    256279    255099,     -1180
67:    261981    261411,      -570
68:    269373    268189,     -1184
69:    279104    278175,      -929
70:    281980    281318,      -662
71:    300901    283331,    -17570
72:    297060    294979,     -2081
73:    305872    300473,     -5399
74:    308491    307591,      -900
75:    315654    314704,      -950
76:    324644    324366,      -278
77:    333719    333113,      -606
78:    363908    342074,    -21834
79:    352084    351500,      -584
80:    361060    368895,      7835
81:    365946    361796,     -4150
82:    374777    376701,      1924
83:    382303    381306,      -997
84:    395954    387093,     -8861
85:    398690    396482,     -2208
86:    412360    407428,     -4932
87:    412741    411245,     -1496
88:    421814    420581,     -1233
89:    430248    428871,     -1377
90:    438233    437731,      -502
91:    452518    449347,     -3171
92:    460389    459077,     -1312
93:    474607    474022,      -585
94:    485648    482886,     -2762
95:    489371    490009,       638
96:    514362    497831,    -16531
97:    515395    512324,     -3071
98:    517497    515857,     -1640
99:    528409    527042,     -1367
100:    537095    535264,     -1831
101:    574061    582121,      8060
102:    555086    552502,     -2584
103:    564619    562905,     -1714
104:    576345    594006,     17661
105:    601316    587688,    -13628
106:    599302    599265,       -37
107:    612519    609567,     -2952
108:    621921    620210,     -1711
109:    624349    619076,     -5273
110:    643395    640304,     -3091
111:    653008    648061,     -4947
112:    672820    665426,     -7394
113:    690531    679229,    -11302
114:    687151    689498,      2347
115:    689670    692684,      3014
116:    708766    707402,     -1364
117:    721716    726552,      4836
118:    732636    734554,      1918
119:    744791    752129,      7338
120:    752713    752883,       170
121:    757142    754984,     -2158
122:    784381    788092,      3711
123:    797208    791299,     -5909
124:    809935    802048,     -7887
125:    816595    803178,    -13417
126:    825431    821414,     -4017
127:    831508    828064,     -3444
128:    852323    849637,     -2686
129:    863241    863771,       530
130:    886308    881300,     -5008
131:    895897    891868,     -4029
132:    902728    899177,     -3551
133:    919762    918608,     -1154
134:    928608    938978,     10370
135:    951986    922889,    -29097
136:    951352    952376,      1024
137:    969938    975260,      5322
138:    981608    974158,     -7450
139:    987680    986095,     -1585
140:   1006596   1012704,      6108
141:   1010293   1005766,     -4527
142:   1024596   1023180,     -1416
143:   1039719   1032283,     -7436
144:   1056987   1066321,      9334
145:   1083918   1056585,    -27333
146:   1081675   1100700,     19025
147:   1094199   1096079,      1880
148:   1126415   1092179,    -34236
149:   1115963   1110289,     -5674
150:   1140959   1129475,    -11484
151:   1160223   1160035,      -188
152:   1164027   1171561,      7534
153:   1183760   1183333,      -427
154:   1195588   1200613,      5025
155:   1202840   1204082,      1242
156:   1226493   1199640,    -26853
157:   1225189   1220850,     -4339
158:   1250414   1234395,    -16019
159:   1268315   1262859,     -5456
160:   1293897   1259112,    -34785
161:   1289376   1279304,    -10072
162:   1311203   1287909,    -23294
163:   1332347   1328881,     -3466
164:   1357239   1312839,    -44400
165:   1361363   1319343,    -42020
166:   1376104   1346614,    -29490
167:   1400715   1356521,    -44194
168:   1405376   1363794,    -41582
169:   1419681   1376757,    -42924
170:   1433024   1406013,    -27011
171:   1453316   1406326,    -46990
172:   1471032   1414040,    -56992
173:   1481642   1431315,    -50327
174:   1491044   1449050,    -41994
175:   1516605   1460407,    -56198
176:   1531948   1483717,    -48231
177:   1550531   1488509,    -62022
178:   1563087   1513099,    -49988
179:   1580694   1529218,    -51476
180:   1598311   1550583,    -47728
181:   1601331   1565950,    -35381
182:   1629880   1556557,    -73323
183:   1653925   1588642,    -65283
184:   1661199   1596734,    -64465
185:   1820087   1778627,    -41460
186:   1857897   1792271,    -65626
187:   1708326   1709868,      1542
188:   1733360   1665655,    -67705
189:   1752480   1684166,    -68314
190:   1761272   1715640,    -45632
191:   1782448   1730902,    -51546
192:   1805017   1753038,    -51979
193:   1820852   1810486,    -10366
194:   1841656   1810309,    -31347
195:   1851158   1799769,    -51389
196:   1871341   1834184,    -37157
197:   1901386   1873878,    -27508
198:   1903896   1828512,    -75384
199:   1929042   1867932,    -61110
200:   1943631   1900149,    -43482
201:   1963350   1898252,    -65098
202:   1988338   1915456,    -72882
203:   1998053   1947727,    -50326
204:   2019450   1896747,   -122703
205:   2037618   1958602,    -79016
206:   2048520   1986714,    -61806
207:   2071922   2013011,    -58911
208:   2098088   1994100,   -103988
209:   2113682   2032347,    -81335
210:   2120583   1980038,   -140545
211:   2155361   2039133,   -116228
212:   2161894   2066349,    -95545
213:   2190137   2044841,   -145296
214:   2212081   2081970,   -130111
215:   2234278   2116714,   -117564
216:   2243698   2099333,   -144365
217:   2268955   2117708,   -151247
218:   2268163   2147908,   -120255
219:   2305700   2170869,   -134831
220:   2323158   2194497,   -128661
221:   2337870   2233738,   -104132
222:   2367185   2208898,   -158287
223:   2388495   2270754,   -117741
224:   2400351   2293086,   -107265
225:   2439252   2293204,   -146048
226:   2449733   2306414,   -143319
227:   2463270   2324917,   -138353
228:   2476419   2317301,   -159118
229:   2513758   2365314,   -148444
230:   2514426   2400656,   -113770
231:   2557042   2415774,   -141268
232:   2545028   2419210,   -125818
233:   2589778   2446899,   -142879
234:   2596253   2404765,   -191488
235:   2631946   2450220,   -181726
236:   2640859   2495740,   -145119
237:   2663779   2474736,   -189043
238:   2678470   2530605,   -147865
239:   2702736   2549603,   -153133
240:   2736676   2546087,   -190589
241:   2752374   2560935,   -191439
242:   2769568   2590594,   -178974
243:   2812057   2605360,   -206697
244:   2813375   2615567,   -197808
245:   2824330   2629612,   -194718
246:   2848885   2622202,   -226683
247:   2872334   2640130,   -232204
248:   2899692   2684715,   -214977
249:   2924112   2691912,   -232200
250:   2939275   2720009,   -219266
251:   2968873   2773957,   -194916
252:   2994692   2734866,   -259826
253:   3005719   2757652,   -248067
254:   3039252   2834666,   -204586
255:   3076064   2791624,   -284440
256:  14741599   3126527, -11615072
257:  14788787   3204504, -11584283
258:  17901046   3385204, -14515842
259:  15043171   3248687, -11794484
260:  15100021   3247115, -11852906
261:  15173707   3230120, -11943587
262:  15356167   3309306, -12046861
263:  15563200   3328342, -12234858
264:  15619276   3392976, -12226300
265:  15706467   3302719, -12403748
266:  15813277   3351409, -12461868
267:  15962834   3431436, -12531398
268:  15979637   3421841, -12557796
269:  16066660   3390703, -12675957
270:  16303189   3494689, -12808500
271:  16357603   3496346, -12861257
272:  16660712   3515026, -13145686
273:  16677998   3459557, -13218441
274:  16828108   3516515, -13311593
275:  16915579   3586324, -13329255
276:  17023518   3540942, -13482576
277:  17118866   3667237, -13451629
278:  17227698   3693614, -13534084
279:  17294683   3761054, -13533629
280:  17467770   3572106, -13895664
281:  17518412   3626292, -13892120
282:  17650175   3705216, -13944959
283:  18087056   4196964, -13890092
284:  18049141   3945929, -14103212
285:  18249818   3708335, -14541483
286:  18258388   3762720, -14495668
287:  18355449   3837911, -14517538
288:  18486554   3953390, -14533164
289:  18606975   3981825, -14625150
290:  18775370   3798345, -14977025
291:  18866974   3843145, -15023829
292:  19046673   3909465, -15137208
293:  19082775   4020402, -15062373
294:  19250079   4095956, -15154123
295:  19317761   3863051, -15454710
296:  19491443   3936639, -15554804
297:  19655686   4013716, -15641970
298:  19737825   4120182, -15617643
299:  19879083   4287157, -15591926
300:  20031440   3995430, -16036010
301:  20150738   4050055, -16100683
302:  20324877   4098151, -16226726
303:  20394598   4264685, -16129913
304:  20571305   4271311, -16299994
305:  21607912   4293883, -17314029
306:  20929789   4208511, -16721278
307:  21063779   4274863, -16788916
308:  21087791   4377540, -16710251
309:  21169390   4410654, -16758736
310:  21352783   4248927, -17103856
311:  21455540   4273023, -17182517
312:  21731817   4356503, -17375314
313:  21719478   4469746, -17249732
314:  21934051   4520411, -17413640
315:  22078584   4372614, -17705970
316:  22154439   4383391, -17771048
317:  22273573   4497455, -17776118
318:  22417344   4575121, -17842223
319:  22644880   4681129, -17963751
320:  22772350   4415361, -18356989
321:  23025599   4535373, -18490226
322:  23080661   4535140, -18545521
323:  23130364   4632504, -18497860
324:  23634667   4954342, -18680325
325:  23534220   4549328, -18984892
326:  23603657   4592162, -19011495
327:  23835713   4705874, -19129839
328:  23910587   4783309, -19127278
329:  24155408   4861832, -19293576
330:  26376158   4652680, -21723478
331:  24269130   4657229, -19611901
332:  24608150   4804670, -19803480
333:  24542130   4824141, -19717989
334:  24702660   4888686, -19813974
335:  24855040   4731416, -20123624
336:  25003540   4779971, -20223569
337:  25149038   4896346, -20252692
338:  25297988   4978352, -20319636
339:  25482352   5035853, -20446499
340:  25645530   4799517, -20846013
341:  25721031   4913020, -20808011
342:  25956323   4979096, -20977227
343:  26076797   5068023, -21008774
344:  26259316   5167057, -21092259
345:  26451794   4987887, -21463907
346:  26475760   5020720, -21455040
347:  26732372   5126521, -21605851
348:  26852150   5240872, -21611278
349:  27011009   5306518, -21704491
350:  27242100   5057044, -22185056
351:  27235356   5111683, -22123673
352:  27475742   5215163, -22260579
353:  27705351   5321921, -22383430
354:  27733249   5329041, -22404208
355:  27856690   5163330, -22693360
356:  28066120   5199050, -22867070
357:  28155847   5613667, -22542180
358:  28471429   5442104, -23029325
359:  28502366   5502575, -22999791
360:  28787841   5305017, -23482824
361:  28841397   5333963, -23507434
362:  29095656   5435009, -23660647
363:  29225353   5496427, -23728926
364:  29415404   5618292, -23797112
365:  29465658   5421094, -24044564
366:  29636632   5509514, -24127118
367:  29910088   5619273, -24290815
368:  30025947   5702028, -24323919
369:  30138721   5753905, -24384816
370:  30257885   5545862, -24712023
371:  30484027   5546567, -24937460
372:  31656770   5695064, -25961706
373:  30952170   5787426, -25164744
374:  31021472   5863964, -25157508
375:  31193246   5657110, -25536136
376:  31286552   5728012, -25558540
377:  31617289   5872534, -25744755
378:  31702802   5947559, -25755243
379:  31929449   6050184, -25879265
380:  32002244   5744384, -26257860
381:  32164808   5818313, -26346495
382:  32370565   5933353, -26437212
383:  32421963   6036673, -26385290
384:  32621040   6120973, -26500067
385:  32779794   5927213, -26852581
386:  33423495   6030929, -27392566
387:  33113398   6103452, -27009946
388:  33270925   6206055, -27064870
389:  33463027   6265944, -27197083
390:  33661065   6067825, -27593240
391:  33815080   6121904, -27693176
392:  33929206   6200990, -27728216
393:  34120482   6263887, -27856595
394:  34288870   6327870, -27961000
395:  34562004   6169662, -28392342
396:  34617388   6220837, -28396551
397:  34860204   6337381, -28522823
398:  35222017   6801098, -28420919
399:  35222561   6487016, -28735545
400:  35438521   6248905, -29189616
401:  35937165   6277883, -29659282
402:  35834722   6434003, -29400719
403:  36049164   6505019, -29544145
404:  36141261   6604520, -29536741
405:  36289320   6420451, -29868869
406:  36472759   6450863, -30021896
407:  36697807   6556619, -30141188
408:  36785837   6684490, -30101347
409:  36992634   6728915, -30263719
410:  37467004   7102646, -30364358
411:  37358626   6582364, -30776262
412:  37649983   6674628, -30975355
413:  37672391   6764524, -30907867
414:  37972206   6845372, -31126834
415:  38155687   6726148, -31429539
416:  38324421   6713446, -31610975
417:  38408604   6878225, -31530379
418:  38622088   6913788, -31708300
419:  38805384   7084159, -31721225
420:  39040326   6777202, -32263124
421:  39208808   6861204, -32347604
422:  39412162   6899063, -32513099
423:  39642971   7038136, -32604835
424:  39689377   7133029, -32556348
425:  40263631   6939691, -33323940
426:  40104182   6977593, -33126589
427:  40399548   7106071, -33293477
428:  40481477   7194840, -33286637
429:  40616164   7301218, -33314946
430:  40847510   7037993, -33809517
431:  41031431   7101867, -33929564
432:  41212089   7245786, -33966303
433:  41417663   7317610, -34100053
434:  41659024   7386880, -34272144
435:  41761755   7140097, -34621658
436:  42024166   7212698, -34811468
437:  42249701   7461826, -34787875
438:  42384492   7457895, -34926597
439:  42633170   7571641, -35061529
440:  42892590   7330018, -35562572
441:  43028308   7335584, -35692724
442:  43076334   7457397, -35618937
443:  44256293   7594190, -36662103
444:  43639645   7697140, -35942505
445:  43820472   7442008, -36378464
446:  44113261   7495376, -36617885
447:  44137473   7708575, -36428898
448:  44553335   7830490, -36722845
449:  44472834   7864456, -36608378
450:  44648503   7422937, -37225566
451:  44990919   7670351, -37320568
452:  45248925   7751077, -37497848
453:  45778630   7847330, -37931300
454:  45686178   7924749, -37761429
455:  45683885   7822237, -37861648
456:  46523529   7817331, -38706198
457:  46297783   7983894, -38313889
458:  46541672   8076099, -38465573
459:  46688365   8186803, -38501562
460:  46723786   7807324, -38916462
461:  47029695   7880852, -39148843
462:  47762239   8428335, -39333904
463:  47503134   8159165, -39343969
464:  47652828   8149595, -39503233
465:  47761059   7957837, -39803222
466:  47973179   8058078, -39915101
467:  48134538   8205545, -39928993
468:  48353944   8333445, -40020499
469:  48727364   8453419, -40273945
470:  48761889   8133450, -40628439
471:  49020472   8392231, -40628241
472:  49483680   8394459, -41089221
473:  49651959   8440385, -41211574
474:  49661777   8553605, -41108172
475:  50015505   8598568, -41416937
476:  50238454   8449618, -41788836
477:  50474274   8506346, -41967928
478:  50646110   8631085, -42015025
479:  50794989   8695155, -42099834
480:  51884321   8436813, -43447508
481:  51120725   8514545, -42606180
482:  51665464   8626884, -43038580
483:  51945953   8779051, -43166902
484:  51996262   8853474, -43142788
485:  52203814   8618395, -43585419
486:  52246331   8646039, -43600292
487:  52318737   8772634, -43546103
488:  52565827   8878556, -43687271
489:  53029766   9002427, -44027339
490:  53140132   8802182, -44337950
491:  53328148   8773095, -44555053
492:  53590529   8825832, -44764697
493:  53850844   8971999, -44878845
494:  53826616   9049838, -44776778
495:  54094578   8858394, -45236184
496:  54256626   8918978, -45337648
497:  56060334   9106453, -46953881
498:  54690453   9165093, -45525360
499:  55020861   9274429, -45746432
500:  55189046   9016731, -46172315
501:  55316000   9032770, -46283230
502:  55570593   9153369, -46417224
503:  55959939   9260147, -46699792
504:  56183500   9493789, -46689711
505:  57887542   9254650, -48632892
506:  56718494   9251489, -47467005
507:  56838373   9400661, -47437712
508:  56998110   9649478, -47348632
509:  57109759   9655636, -47454123
510:  57402861   9282346, -48120515
511:  57506215   9314625, -48191590
512:  57754061   9506712, -48247349
513:  58125232   9727128, -48398104
514:  58402673   9748502, -48654171
515:  58529938   9459887, -49070051
516:  58885883   9569307, -49316576
517:  59577688   9840137, -49737551
518:  59303118   9932440, -49370678
519:  59502775   9980574, -49522201
520:  60879151   9816944, -51062207
521:  60879087   9794125, -51084962
522:  60365847   9856377, -50509470
523:  60312559  10000315, -50312244
524:  60559222   9996263, -50562959
525:  60825970   9969739, -50856231
526:  61071354   9954362, -51116992
527:  61217064  10217627, -50999437
528:  63246762  10194477, -53052285
529:  61799100  10395436, -51403664
530:  62212298   9984345, -52227953
531:  62109284  10059436, -52049848
532:  62380454  10165753, -52214701
533:  62597155  10346302, -52250853
534:  62848314  10442932, -52405382
535:  63166869  10263124, -52903745
536:  65014587  10275027, -54739560
537:  63529458  10406736, -53122722
538:  63836288  10551271, -53285017
539:  64126435  10649560, -53476875
540:  64231939  10153856, -54078083
541:  64454937  10318387, -54136550
542:  64756962  10431085, -54325877
543:  65096051  10541952, -54554099
544:  65327090  10688250, -54638840
545:  65439769  10544530, -54895239
546:  65730377  10515742, -55214635
547:  65988136  10750054, -55238082
548:  66343226  10721598, -55621628
549:  66621185  10924726, -55696459
550:  66853589  10560154, -56293435
551:  66944155  10662144, -56282011
552:  67267877  10783803, -56484074
553:  67457955  10943390, -56514565
554:  68139330  11173278, -56966052
555:  68213998  10730757, -57483241
556:  68348139  10774045, -57574094
557:  68619070  11115134, -57503936
558:  69043259  11148656, -57894603
559:  68999229  11338422, -57660807
560:  69338810  10731364, -58607446
561:  69433381  10920513, -58512868
562:  69735826  11006337, -58729489
563:  70029604  11133183, -58896421
564:  70309854  11170499, -59139355
565:  70384048  11010717, -59373331
566:  70667383  11048678, -59618705
567:  70922376  11204867, -59717509
568:  71058075  11344171, -59713904
569:  71283219  11494555, -59788664
570:  71672730  11059224, -60613506
571:  71863631  11167859, -60695772
572:  72097768  11331382, -60766386
573:  72241445  11472660, -60768785
574:  72633795  11599880, -61033915
575:  75734440  11381774, -64352666
576:  73080144  11357063, -61723081
577:  73451008  11508638, -61942370
578:  73608505  11688215, -61920290
579:  73917931  11803827, -62114104
580:  74215141  11279852, -62935289
581:  74759300  11481637, -63277663
582:  75090520  11630175, -63460345
583:  75162843  11861449, -63301394
584:  75400443  11739493, -63660950
585:  75711377  11617566, -64093811
586:  75844083  11617363, -64226720
587:  79294937  12381697, -66913240
588:  76739746  12017064, -64722682
589:  76964178  12096618, -64867560
590:  76890145  11721836, -65168309
591:  77381011  11789572, -65591439
592:  77121968  11847367, -65274601
593:  77350859  12057602, -65293257
594:  78236023  12359957, -65876066
595:  77978707  11981315, -65997392
596:  78425321  11886196, -66539125
597:  78552028  12094241, -66457787
598:  78851471  12141715, -66709756
599:  80341328  13032687, -67308641
600:  81245812  11875455, -69370357
601:  79659732  12039519, -67620213
602:  79803031  12175902, -67627129
603:  80081248  12309477, -67771771
604:  80377485  12289988, -68087497
605:  80805365  12051029, -68754336
606:  81012170  12274304, -68737866
607:  81032645  12467294, -68565351
608:  81391579  12450432, -68941147
609:  81568126  12626584, -68941542
610:  82864751  13321414, -69543337
611:  82347092  12328416, -70018676
612:  82518013  12472755, -70045258
613:  82852593  12703901, -70148692
614:  83278707  12902111, -70376596
615:  83555064  12540868, -71014196
616:  84038361  12668757, -71369604
617:  84172648  12796983, -71375665
618:  84521796  12835954, -71685842
619:  84682861  13024603, -71658258
620:  84960744  12504345, -72456399
621:  86927469  12697518, -74229951
622:  85388459  12852519, -72535940
623:  85405132  12976261, -72428871
624:  85663230  13017387, -72645843
625:  85971899  12709460, -73262439
626:  86459469  12894652, -73564817
627:  86559661  13122890, -73436771
628:  86826042  13123564, -73702478
629:  87274546  13320090, -73954456
630:  87460959  13003495, -74457464
631:  87781431  13127086, -74654345
632:  88212058  13276830, -74935228
633:  88307749  13343805, -74963944
634:  88787381  13547302, -75240079
635:  89019455  13250461, -75768994
636:  89299116  13278162, -76020954
637:  89250914  13406990, -75843924
638:  89856723  13566528, -76290195
639:  89782694  13794439, -75988255
640:  90238915  13204272, -77034643
641:  90732328  13369664, -77362664
642:  94201544  13454376, -80747168
643:  91482761  13695084, -77787677
644:  91728206  13950725, -77777481
645:  91975421  13478576, -78496845
646:  95263968  13580264, -81683704
647:  92709249  13850926, -78858323
648:  92892268  14016780, -78875488
649:  93099266  14319514, -78779752
650:  93099211  13511520, -79587691
651:  93343027  13662219, -79680808
652:  94241947  14253665, -79988282
653:  93836171  14220995, -79615176
654:  94057733  14348266, -79709467
655:  94598524  13704219, -80894305
656:  94924519  14034294, -80890225
657:  95044184  14478712, -80565472
658:  95367346  14426602, -80940744
659:  95524300  14510291, -81014009
660:  95975624  14224584, -81751040
661:  97307482  14481900, -82825582
662:  96652465  14703437, -81949028
663:  96805105  14704120, -82100985
664:  97058165  14925775, -82132390
665:  97861995  14743741, -83118254
666:  97964618  14916422, -83048196
667:  98133135  15032690, -83100445
668:  98721119  15013461, -83707658
669:  98962271  15431982, -83530289
670: 101415422  15053270, -86362152
671:  99066551  15230754, -83835797
672:  99439744  15212919, -84226825
673:  99819073  15544771, -84274302
674:  99998883  15435083, -84563800
675: 100513514  14740254, -85773260
676: 100865978  15076124, -85789854
677: 101090880  15365354, -85725526
678: 101231624  15420254, -85811370
679: 101916429  15573260, -86343169
680: 101930582  14914570, -87016012
681: 102539363  15458934, -87080429
682: 102512136  15335771, -87176365
683: 102649664  15582633, -87067031
684: 102960647  15698247, -87262400
685: 103710075  15557087, -88152988
686: 103993587  15635416, -88358171
687: 105021893  16963933, -88057960
688: 105135072  16030001, -89105071
689: 104991197  16034757, -88956440
690: 106042088  15301584, -90740504
691: 105323554  15481729, -89841825
692: 105828875  15898625, -89930250
693: 105976013  15871144, -90104869
694: 106009103  15840856, -90168247
695: 106295747  15558315, -90737432
696: 106707572  15723518, -90984054
697: 107209070  15913868, -91295202
698: 107162808  16035211, -91127597
699: 107511940  16348680, -91163260
700: 107741801  15750854, -91990947
701: 111198065  16062405, -95135660
702: 108713026  16191251, -92521775
703: 108750738  16432002, -92318736
704: 109048301  16186206, -92862095
705: 109371696  15837262, -93534434
706: 109632824  15967535, -93665289
707: 110189330  16306462, -93882868
708: 110343836  16294554, -94049282
709: 110619376  17359137, -93260239
710: 111157934  16027541, -95130393
711: 111345447  16356484, -94988963
712: 111533024  16304149, -95228875
713: 111903836  16605918, -95297918
714: 112954371  16914962, -96039409
715: 112922875  16533614, -96389261
716: 113090715  16510494, -96580221
717: 113054143  16528950, -96525193
718: 113760850  17067010, -96693840
719: 113997986  16981917, -97016069
720: 114258888  16296322, -97962566
721: 114404052  16303528, -98100524
722: 115149187  16765294, -98383893
723: 115093473  16762369, -98331104
724: 115297330  17001182, -98296148
725: 115634603  17561710, -98072893
726: 116002157  16763238, -99238919
727: 116182148  17016873, -99165275
728: 116524822  17048978, -99475844
729: 116889852  17371653, -99518199
730: 117562642  16837197, -100725445
731: 117478817  17059251, -100419566
732: 117864614  17248180, -100616434
733: 120037954  17497885, -102540069
734: 119928665  17403393, -102525272
735: 125237865  19647659, -105590206
736: 119266987  16939178, -102327809
737: 120741931  17562758, -103179173
738: 120529612  17347846, -103181766
739: 121376423  17830624, -103545799
740: 121295092  17193853, -104101239
741: 121377661  17479436, -103898225
742: 121661749  17449854, -104211895
743: 123349817  17674859, -105674958
744: 123908918  18041255, -105867663
745: 122121197  17432225, -104688972
746: 124879846  17665652, -107214194
747: 123559061  17728129, -105830932
748: 126106975  17959171, -108147804
749: 123351733  18006964, -105344769
750: 123717576  17289035, -106428541
751: 123998040  17439881, -106558159
752: 125533029  18087443, -107445586
753: 125170087  17797088, -107372999
754: 125352723  17982683, -107370040
755: 125834343  17965950, -107868393
756: 125774880  17802402, -107972478
757: 127452342  18214780, -109237562
758: 128249573  18326146, -109923427
759: 127134843  18548658, -108586185
760: 128109588  18179759, -109929829
761: 127555829  18077512, -109478317
762: 127927137  18167434, -109759703
763: 128354094  18529157, -109824937
764: 128702488  18360364, -110342124
765: 128730333  17756899, -110973434
766: 128957506  17938026, -111019480
767: 129434837  18297520, -111137317
768: 129672876  18346662, -111326214
769: 130068231  18411569, -111656662
770: 130441933  18303834, -112138099
771: 131873277  18659666, -113213611
772: 131067715  18284975, -112782740
773: 131406700  18543656, -112863044
774: 131883709  18784355, -113099354
775: 132079194  18498138, -113581056
776: 132740850  18521572, -114219278
777: 132798546  18831595, -113966951
778: 133278175  18977755, -114300420
779: 133417981  19036455, -114381526
780: 133805362  18288089, -115517273
781: 134023698  18305506, -115718192
782: 134533728  18523168, -116010560
783: 135033509  18895430, -116138079
784: 135326165  18984080, -116342085
785: 135574733  18796181, -116778552
786: 135872253  18859283, -117012970
787: 136481379  18939339, -117542040
788: 136848844  19052344, -117796500
789: 136892727  19334675, -117558052
790: 140267855  18865443, -121402412
791: 137544019  19158836, -118385183
792: 138353069  19223409, -119129660
793: 138484610  19449730, -119034880
794: 139048207  19455454, -119592753
795: 139112376  18774291, -120338085
796: 141847405  19335419, -122511986
797: 140728781  19579700, -121149081
798: 140055007  19387992, -120667015
799: 140305143  19568879, -120736264
800: 141195255  19056184, -122139071
801: 141058915  19361998, -121696917
802: 141364354  19393113, -121971241
803: 142395318  21571987, -120823331
804: 142244633  19701155, -122543478
805: 142299355  19426966, -122872389
806: 142737758  19579916, -123157842
807: 143140786  19750348, -123390438
808: 143453241  19996222, -123457019
809: 143751508  20116225, -123635283
810: 144318424  19322964, -124995460
811: 144598555  19370027, -125228528
812: 145115641  19763229, -125352412
813: 145293178  19830225, -125462953
814: 145628285  20075728, -125552557
815: 146072118  19430585, -126641533
816: 148234361  19715231, -128519130
817: 146649042  19955710, -126693332
818: 147326869  20357776, -126969093
819: 147757397  20505046, -127252351
820: 148482889  19825707, -128657182
821: 148107053  19991250, -128115803
822: 150379946  21606849, -128773097
823: 148844824  20462052, -128382772
824: 149280667  20335201, -128945466
825: 150227830  19835019, -130392811
826: 150102472  20002090, -130100382
827: 150256962  20310378, -129946584
828: 151467829  20401712, -131066117
829: 151118654  20622227, -130496427
830: 151719877  20230431, -131489446
831: 152033250  20467684, -131565566
832: 152479425  20524923, -131954502
833: 152502297  20652075, -131850222
834: 153009009  21559265, -131449744
835: 153649158  20492520, -133156638
836: 153904234  20628378, -133275856
837: 154079873  20779613, -133300260
838: 154587880  20945788, -133642092
839: 154620051  21058018, -133562033
840: 158252893  20220788, -138032105
841: 155583169  20286018, -135297151
842: 155954930  20764104, -135190826
843: 156259249  20802399, -135456850
844: 156756282  20866714, -135889568
845: 157049617  20462402, -136587215
846: 159677390  20929819, -138747571
847: 158047788  20883876, -137163912
848: 157853963  21146859, -136707104
849: 158287360  21438027, -136849333
850: 158957725  20879123, -138078602
851: 159116107  21035717, -138080390
852: 159697294  21271934, -138425360
853: 159806172  21449517, -138356655
854: 160263715  21388742, -138874973
855: 160620869  20704286, -139916583
856: 161327414  21077346, -140250068
857: 161414237  22312417, -139101820
858: 161852013  21384104, -140467909
859: 162360785  21697758, -140663027
860: 162547370  21118763, -141428607
861: 162910367  21350754, -141559613
862: 163292534  21486733, -141805801
863: 165160362  21901157, -143259205
864: 164326289  21983889, -142342400
865: 164378981  21546551, -142832430
866: 164890276  22320628, -142569648
867: 165491610  21914082, -143577528
868: 165660213  22113148, -143547065
869: 166144384  22069955, -144074429
870: 166436729  21355627, -145081102
871: 166782237  21533624, -145248613
872: 170112283  21824735, -148287548
873: 167371590  21808645, -145562945
874: 167774836  22136020, -145638816
875: 168212632  21830919, -146381713
876: 168612426  22023994, -146588432
877: 168855495  22049030, -146806465
878: 170227180  22240543, -147986637
879: 169792748  22620269, -147172479
880: 170046114  21911508, -148134606
881: 170531988  22127928, -148404060
882: 170884179  22335449, -148548730
883: 175310248  22659567, -152650681
884: 171620635  22508032, -149112603
885: 172472147  21942295, -150529852
886: 173291837  22986189, -150305648
887: 172896078  22492126, -150403952
888: 175520930  22449167, -153071763
889: 173560058  22710879, -150849179
890: 173940219  22319748, -151620471
891: 174567386  22552132, -152015254
892: 174957163  22550664, -152406499
893: 175378826  22768887, -152609939
894: 175808690  23352245, -152456445
895: 176032270  22733822, -153298448
896: 176520083  22811751, -153708332
897: 176948867  22981786, -153967081
898: 177299668  23487049, -153812619
899: 177629206  23331709, -154297497
900: 177885892  22374071, -155511821
901: 178301874  22664621, -155637253
902: 178821749  22815584, -156006165
903: 179386879  23033042, -156353837
904: 181800802  23182877, -158617925
905: 179987632  22678468, -157309164
906: 181561973  23169795, -158392178
907: 180666493  23161628, -157504865
908: 181166826  23323627, -157843199
909: 183553273  23753053, -159800220
910: 182200824  23113702, -159087122
911: 182519402  23414084, -159105318
912: 182997163  23548760, -159448403
913: 185115617  23909166, -161206451
914: 187999960  23908734, -164091226
915: 184005707  23434268, -160571439
916: 184448605  23312297, -161136308
917: 184835743  23722945, -161112798
918: 185044800  23732950, -161311850
919: 188312729  24015719, -164297010
920: 185855690  23452233, -162403457
921: 186372491  23773566, -162598925
922: 186942916  23789866, -163153050
923: 187032113  24046616, -162985497
924: 189768049  24314728, -165453321
925: 187861516  23839034, -164022482
926: 188464959  24083105, -164381854
927: 188681138  24238039, -164443099
928: 189331628  24447058, -164884570
929: 191683857  24572904, -167110953
930: 189903519  23676911, -166226608
931: 190403538  23857411, -166546127
932: 190782094  24176473, -166605621
933: 191291004  24313998, -166977006
934: 194631920  24552668, -170079252
935: 192053034  24060393, -167992641
936: 192549870  24302765, -168247105
937: 192827387  24397247, -168430140
938: 193223629  24858493, -168365136
939: 193766597  24918419, -168848178
940: 194169258  24404336, -169764922
941: 194467123  24545289, -169921834
942: 195120173  24538950, -170581223
943: 195487766  25090856, -170396910
944: 196007249  25065649, -170941600
945: 196184459  24162364, -172022095
946: 196518929  24634874, -171884055
947: 197095237  24972943, -172122294
948: 200645143  24849650, -175795493
949: 197846664  25207338, -172639326
950: 198540236  24683696, -173856540
951: 198866926  24991707, -173875219
952: 199070611  25114526, -173956085
953: 203733716  25417689, -178316027
954: 199889672  25597474, -174292198
955: 200351458  25175109, -175176349
956: 200887205  25169380, -175717825
957: 201586158  25552901, -176033257
958: 201828588  25838239, -175990349
959: 202133005  25795718, -176337287
960: 202461337  24874464, -177586873
961: 205439872  25622127, -179817745
962: 207746659  25638645, -182108014
963: 204626158  25623330, -179002828
964: 205273235  26801877, -178471358
965: 204926414  25344092, -179582322
966: 205452581  25708103, -179744478
967: 205614486  25682264, -179932222
968: 206842692  27496826, -179345866
969: 208726404  27192988, -181533416
970: 206942890  25972106, -180970784
971: 209879465  25922755, -183956710
972: 207855750  27219850, -180635900
973: 207786702  27380750, -180405952
974: 208612507  27537406, -181075101
975: 210344186  25994576, -184349610
976: 209486760  26869210, -182617550
977: 209567790  27119560, -182448230
978: 210213550  27487347, -182726203
979: 210550200  27692143, -182858057
980: 211007696  28221332, -182786364
981: 211220129  28378443, -182841686
982: 211650514  28699935, -182950579
983: 212153966  29063293, -183090673
984: 215582721  29194294, -186388427
985: 213140163  28570826, -184569337
986: 213666366  28825919, -184840447
987: 214290951  29195569, -185095382
988: 216484947  29195394, -187289553
989: 215386701  29377367, -186009334
990: 215207464  28773144, -186434320
991: 218576408  29181496, -189394912
992: 219808781  29392267, -190416514
993: 219567928  29563776, -190004152
994: 216822837  29707741, -187115096
995: 219245241  29677397, -189567844
996: 217708361  29526167, -188182194
997: 218605176  29579051, -189026125
998: 218568691  29938619, -188630072
999: 221025531  30266468, -190759063
1000: 219553647  28941879, -190611768
1001: 220101439  29210179, -190891260
1002: 220449949  29489476, -190960473
1003: 222430534  30862488, -191568046
1004: 221585650  29518627, -192067023
1005: 221763517  29219807, -192543710
1006: 222653363  29521642, -193131721
1007: 222721863  29934167, -192787696
1008: 224335044  30411694, -193923350
1009: 223794258  29982290, -193811968
1010: 227160123  29649201, -197510922
1011: 224669316  29922694, -194746622
1012: 224948972  29979055, -194969917
1013: 225465666  30251887, -195213779
1014: 225758421  30689750, -195068671
1015: 226222256  30201964, -196020292
1016: 226639033  30269827, -196369206
1017: 227483431  31269545, -196213886
1018: 229023893  32155637, -196868256
1019: 230228122  31723742, -198504380
1020: 229256186  29708543, -199547643
1021: 229141357  30019610, -199121747
1022: 230187462  30337305, -199850157
1023: 229836312  30742632, -199093680
1024: 230230004  30526128, -199703876
1025: 230504203  30089036, -200415167
1026: 231263105  30502274, -200760831
1027: 231873449  30785117, -201088332
1028: 234477494  31756052, -202721442
1029: 232223862  31031365, -201192497
1030: 236771014  30580884, -206190130
1031: 233563017  30916299, -202646718
1032: 233954086  31011155, -202942931
1033: 234196616  31142122, -203054494
1034: 235660119  32043458, -203616661
1035: 235373950  31252210, -204121740
1036: 237482261  31581241, -205901020
1037: 235958848  31399508, -204559340
1038: 237930700  32049838, -205880862
1039: 239798416  32038352, -207760064
1040: 237794350  31107222, -206687128
1041: 237862712  30731046, -207131666
1042: 238595766  31085417, -207510349
1043: 238853788  31433720, -207420068
1044: 239383059  31271133, -208111926
1045: 239808984  30772847, -209036137
1046: 240498001  31147135, -209350866
1047: 243503650  31645369, -211858281
1048: 241368573  31535785, -209832788
1049: 241745619  31734531, -210011088
1050: 242199071  31281010, -210918061
1051: 245293142  31587000, -213706142
1052: 243493571  31556621, -211936950
1053: 244503451  31957361, -212546090
1054: 244128664  32250388, -211878276
1055: 246710543  32310156, -214400387
1056: 245790753  32529716, -213261037
1057: 246272986  32201348, -214071638
1058: 245781325  32455347, -213325978
1059: 247436770  32861627, -214575143
1060: 246864334  31295554, -215568780
1061: 247168544  31461596, -215706948
1062: 247876570  31814230, -216062340
1063: 248370368  32275577, -216094791
1064: 248799962  32125737, -216674225
1065: 249182249  31627042, -217555207
1066: 252391236  32080763, -220310473
1067: 250265114  32316059, -217949055
1068: 250908427  32258226, -218650201
1069: 251391544  32440321, -218951223
1070: 253793118  32134262, -221658856
1071: 252398824  32494915, -219903909
1072: 252851695  32359641, -220492054
1073: 253438782  32624670, -220814112
1074: 253456876  33072000, -220384876
1075: 254108077  32797567, -221310510
1076: 254573704  32509290, -222064414
1077: 256289052  33115478, -223173574
1078: 255599449  33339231, -222260218
1079: 255982820  33542333, -222440487
1080: 256737054  31883747, -224853307
1081: 259834253  32333391, -227500862
1082: 257373519  32468424, -224905095
1083: 257619237  32946136, -224673101
1084: 258611350  32893120, -225718230
1085: 258781945  32423452, -226358493
1086: 259171819  32819894, -226351925
1087: 259474729  33124565, -226350164
1088: 263231589  33204622, -230026967
1089: 261605260  33516310, -228088950
1090: 261372801  32965353, -228407448
1091: 262469666  33454688, -229014978
1092: 262202791  33288487, -228914304
1093: 262581407  33751848, -228829559
1094: 262959840  33967299, -228992541
1095: 266452187  33555761, -232896426
1096: 264042741  33613284, -230429457
1097: 264581395  33934711, -230646684
1098: 265065019  36251390, -228813629
1099: 265606200  34470914, -231135286
1100: 266069913  32896595, -233173318
1101: 266216908  33151557, -233065351
1102: 267097689  33571859, -233525830
1103: 267400683  33854190, -233546493
1104: 267642103  33890340, -233751763
1105: 270645127  33498531, -237146596
1106: 268987984  33678232, -235309752
1107: 269203343  34108839, -235094504
1108: 269721870  34147409, -235574461
1109: 270421516  35697140, -234724376
1110: 270516462  33791370, -236725092
1111: 270990080  34183488, -236806592
1112: 274822473  34323867, -240498606
1113: 272207677  34388742, -237818935
1114: 272834623  34858663, -237975960
1115: 276329354  34645479, -241683875
1116: 273878258  34518765, -239359493
1117: 273857753  34604652, -239253101
1118: 274697212  34835677, -239861535
1119: 275489291  35352662, -240136629
1120: 275587381  33768794, -241818587
1121: 276287072  33789319, -242497753
1122: 279273981  34422753, -244851228
1123: 277285371  34800089, -242485282
1124: 277959241  34751309, -243207932
1125: 278031617  34100564, -243931053
1126: 278600464  34380235, -244220229
1127: 278788365  34894030, -243894335
1128: 282490687  34709180, -247781507
1129: 280323060  35065190, -245257870
1130: 280590379  34765160, -245825219
1131: 284285448  35140682, -249144766
1132: 281681741  35009263, -246672478
1133: 282098758  35290541, -246808217
1134: 282529337  35608577, -246920760
1135: 282913678  35251972, -247661706
1136: 283959199  35280190, -248679009
1137: 284113449  35707016, -248406433
1138: 289003852  35915843, -253088009
1139: 285032152  36122134, -248910018
1140: 285708705  34478949, -251229756
1141: 288585631  34892971, -253692660
1142: 286618652  35274530, -251344122
1143: 287416597  35702925, -251713672
1144: 287498484  35629842, -251868642
1145: 288080501  35176014, -252904487
1146: 288888512  35445269, -253443243
1147: 288943605  35850063, -253093542
1148: 289723998  35779183, -253944815
1149: 290268960  35947817, -254321143
1150: 291203756  35603471, -255600285
1151: 292442978  35957125, -256485853
1152: 291465959  35933636, -255532323
1153: 291999296  36146759, -255852537
1154: 295641086  36528294, -259112792
1155: 293317542  35819448, -257498094
1156: 293464451  36272088, -257192363
1157: 297385158  36603293, -260781865
1158: 294587172  36765566, -257821606
1159: 294910406  37079658, -257830748
1160: 296583941  36472965, -260110976
1161: 296190425  35701958, -260488467
1162: 296725116  35878414, -260846702
1163: 297226168  36381001, -260845167
1164: 297589376  36508900, -261080476
1165: 298277158  35909025, -262368133
1166: 298817948  36103862, -262714086
1167: 299228625  36561469, -262667156
1168: 299910946  36686696, -263224250
1169: 305376242  37465920, -267910322
1170: 300710458  36338041, -264372417
1171: 301429688  36712670, -264717018
1172: 301916254  36642312, -265273942
1173: 303669478  37106525, -266562953
1174: 303295693  37261131, -266034562
1175: 303246855  37134828, -266112027
1176: 303837673  36988708, -266848965
1177: 305683231  37265547, -268417684
1178: 305114439  37605863, -267508576
1179: 305698925  39218163, -266480762
1180: 306312842  36421275, -269891567
1181: 306554831  36686257, -269868574
1182: 307509952  36943402, -270566550
1183: 307643646  38824733, -268818913
1184: 308251181  38091942, -270159239
1185: 308761728  36866454, -271895274
1186: 309141739  37067603, -272074136
1187: 309689885  38879250, -270810635
1188: 310406060  38281996, -272124064
1189: 310661332  38632029, -272029303
1190: 311213195  37284538, -273928657
1191: 311737348  39057892, -272679456
1192: 312306317  38241776, -274064541
1193: 313035419  38727323, -274308096
1194: 314218118  39284298, -274933820
1195: 313577428  49224157, -264353271
1196: 314394446  40328276, -274066170
1197: 317704435  40811169, -276893266
1198: 315598993  41531981, -274067012
1199: 315994660  41693497, -274301163
1200: 319408240  38912675, -280495565
1201: 317678776  39282603, -278396173
1202: 317483288  39880176, -277603112
1203: 317558764  40407046, -277151718
1204: 318531047  40772682, -277758365
1205: 319094730  39479215, -279615515
1206: 319463483  40259750, -279203733
1207: 319948187  40450814, -279497373
1208: 320596689  41054891, -279541798
1209: 321095748  40695231, -280400517
1210: 321457171  40339382, -281117789
1211: 321809678  40769248, -281040430
1212: 322654887  41277210, -281377677
1213: 323127509  41084825, -282042684
1214: 323488412  41638314, -281850098
1215: 324716947  41014593, -283702354
1216: 324962654  41461682, -283500972
1217: 327245560  41371495, -285874065
1218: 326277036  41480181, -284796855
1219: 326250876  41993254, -284257622
1220: 328911374  41731609, -287179765
1221: 327324852  41406937, -285917915
1222: 328177666  41622576, -286555090
1223: 328547883  42254372, -286293511
1224: 329241705  42799599, -286442106
1225: 329778050  40103857, -289674193
1226: 330307737  40502878, -289804859
1227: 331335433  41168047, -290167386
1228: 331291383  42706855, -288584528
1229: 331772272  41987904, -289784368
1230: 332616518  40622045, -291994473
1231: 332741413  42392746, -290348667
1232: 333741310  41737801, -292003509
1233: 334034683  42319000, -291715683
1234: 337720346  41769271, -295951075
1235: 334906288  41514437, -293391851
1236: 335561992  42102656, -293459336
1237: 336935480  42515047, -294420433
1238: 336860987  42118481, -294742506
1239: 337112852  42443184, -294669668
1240: 337885845  42087625, -295798220
1241: 339907450  42657175, -297250275
1242: 340756603  42089262, -298667341
1243: 339392886  42738885, -296654001
1244: 340071920  42977232, -297094688
1245: 342816138  42888602, -299927536
1246: 341144749  42448348, -298696401
1247: 341643860  42942153, -298701707
1248: 342337233  43281673, -299055560
1249: 343089036  43770850, -299318186
1250: 343405600  41342632, -302062968
1251: 344465037  41871527, -302593510
1252: 346578796  42084509, -304494287
1253: 346987947  42665655, -304322292
1254: 345416328  43062912, -302353416
1255: 347003531  42036116, -304967415
1256: 348377230  42392616, -305984614
1257: 347350276  43109780, -304240496
1258: 347659779  43394680, -304265099
1259: 348051298  42847064, -305204234
1260: 349157699  42521981, -306635718
1261: 350801378  43302939, -307498439
1262: 350077897  43612430, -306465467
1263: 350511695  43068862, -307442833
1264: 353181131  44450501, -308730630
1265: 351431159  43522565, -307908594
1266: 351970145  43865546, -308104599
1267: 352489433  43550349, -308939084
1268: 353212576  44761532, -308451044
1269: 356453179  45506826, -310946353
1270: 354512654  44175615, -310337039
1271: 354682467  43728537, -310953930
1272: 355446176  45069799, -310376377
1273: 355910688  45675925, -310234763
1274: 359432177  46121831, -313310346
1275: 358806787  42647835, -316158952
1276: 357991908  43648664, -314343244
1277: 360176704  44468412, -315708292
1278: 359048338  46900286, -312148052
1279: 359596282  45372775, -314223507
1280: 359954157  43945880, -316008277
1281: 360706958  44746341, -315960617
1282: 364198576  45594601, -318603975
1283: 362332761  45867787, -316464974
1284: 362006409  45053852, -316952557
1285: 362671372  45146466, -317524906
1286: 363541369  45599268, -317942101
1287: 366947915  46234276, -320713639
1288: 364469645  45552151, -318917494
1289: 364706829  45867657, -318839172
1290: 365949261  45572485, -320376776
1291: 378585941  46698625, -331887316
1292: 369706237  46070036, -323636201
1293: 371167012  46492541, -324674471
1294: 367847668  46769563, -321078105
1295: 372662246  47137811, -325524435
1296: 368848564  45976144, -322872420
1297: 369413890  46324573, -323089317
1298: 371468593  47156668, -324311925
1299: 372315031  47480796, -324834235
1300: 371448138  44538718, -326909420
1301: 372404514  45521562, -326882952
1302: 372704218  45679621, -327024597
1303: 376559523  46241854, -330317669
1304: 375174006  47950224, -327223782
1305: 374160489  45462302, -328698187
1306: 376080587  45954664, -330125923
1307: 375170398  46554155, -328616243
1308: 377680979  46605385, -331075594
1309: 379686080  46718224, -332967856
1310: 376864056  46303465, -330560591
1311: 377427980  47088891, -330339089
1312: 378814936  46898662, -331916274
1313: 380535672  47021062, -333514610
1314: 380607478  47215234, -333392244
1315: 380246551  47028698, -333217853
1316: 381532387  47579275, -333953112
1317: 381823220  47359637, -334463583
1318: 382758671  47579975, -335178696
1319: 383074277  48004676, -335069601
1320: 385087769  47193121, -337894648
1321: 383431534  47250347, -336181187
1322: 386935010  47878196, -339056814
1323: 385072264  48490223, -336582041
1324: 387207546  48739794, -338467752
1325: 386667105  45959952, -340707153
1326: 386273388  47994980, -338278408
1327: 388150619  47176245, -340974374
1328: 387724223  47630862, -340093361
1329: 388492788  47882684, -340610104
1330: 390772284  46644626, -344127658
1331: 393055261  47533721, -345521540
1332: 391115233  48845024, -342270209
1333: 390335606  48060265, -342275341
1334: 391317254  47850095, -343467159
1335: 391427263  47690058, -343737205
1336: 393574709  48270643, -345304066
1337: 395480865  51729812, -343751053
1338: 393911840  49843255, -344068585
1339: 394693693  48594822, -346098871
1340: 399565601  48334295, -351231306
1341: 398135373  48517500, -349617873
1342: 397427395  48266747, -349160648
1343: 400624664  49420141, -351204523
1344: 399468823  49602165, -349866658
1345: 398676408  48942805, -349733603
1346: 398903173  48822749, -350080424
1347: 401586541  50919835, -350666706
1348: 402319125  49128612, -353190513
1349: 403508538  49667699, -353840839
1350: 402369007  47276216, -355092791
1351: 402108401  47727161, -354381240
1352: 402840954  49952166, -352888788
1353: 402229598  48730089, -353499509
1354: 403448062  48938979, -354509083
1355: 403821943  47933526, -355888417
1356: 404845884  48248138, -356597746
1357: 405250966  48741423, -356509543
1358: 408055560  49973149, -358082411
1359: 406068201  48962211, -357105990
1360: 408705586  48431608, -360273978
1361: 407944078  49012391, -358931687
1362: 407597670  49366896, -358230774
1363: 409366825  49262424, -360104401
1364: 411517431  50177314, -361340117
1365: 410999862  49251958, -361747904
1366: 411056294  49989288, -361067006
1367: 410453406  49393782, -361059624
1368: 411426620  50230982, -361195638
1369: 414679514  50730368, -363949146
1370: 412185195  49951570, -362233625
1371: 413972118  49643125, -364328993
1372: 417510658  53530637, -363980021
1373: 415264826  50884815, -364380011
1374: 417595771  51672373, -365923398
1375: 417648603  49777348, -367871255
1376: 416143113  48744628, -367398485
1377: 416430510  49627221, -366803289
1378: 416962823  50308046, -366654777
1379: 418173864  50645241, -367528623
1380: 419530036  49026641, -370503395
1381: 428255358  49752664, -378502694
1382: 420340915  50147791, -370193124
1383: 421138643  51166155, -369972488
1384: 421791705  53480626, -368311079
1385: 422565075  50243280, -372321795
1386: 422228630  50647767, -371580863
1387: 422700608  51505874, -371194734
1388: 423229076  50194306, -373034770
1389: 424017578  50728955, -373288623
1390: 425841208  50874255, -374966953
1391: 426509859  51586577, -374923282
1392: 426641704  50319769, -376321935
1393: 427739962  51048292, -376691670
1394: 426804191  53187197, -373616994
1395: 427259343  51582072, -375677271
1396: 427869806  50801730, -377068076
1397: 429054241  51342568, -377711673
1398: 429294976  52408505, -376886471
1399: 429529561  52640761, -376888800
1400: 430152093  48885943, -381266150
1401: 432230451  49304457, -382925994
1402: 433149929  50368494, -382781435
1403: 433467900  51100490, -382367410
1404: 435628928  51590313, -384038615
1405: 434177146  49848408, -384328738
1406: 435864103  51954227, -383909876
1407: 435454877  51382837, -384072040
1408: 435469865  51916574, -383553291
1409: 435659156  50943836, -384715320
1410: 436337433  50947671, -385389762
1411: 437369551  51617239, -385752312
1412: 438410666  52311698, -386098968
1413: 438392322  51388164, -387004158
1414: 442296613  51757127, -390539486
1415: 440475598  51783950, -388691648
1416: 441129015  52568560, -388560455
1417: 441771180  51778597, -389992583
1418: 442726736  52341837, -390384899
1419: 443398978  52982980, -390415998
1420: 443789611  52753162, -391036449
1421: 443741483  52788095, -390953388
1422: 443772203  52390416, -391381787
1423: 444552190  53420411, -391131779
1424: 445397550  53855913, -391541637
1425: 446049582  50328533, -395721049
1426: 446825045  51129244, -395695801
1427: 447400221  51829003, -395571218
1428: 448013705  52783385, -395230320
1429: 448042793  52834819, -395207974
1430: 449144909  51257999, -397886910
1431: 450371864  52094476, -398277388
1432: 451166863  52634381, -398532482
1433: 452703596  53565864, -399137732
1434: 452714070  51984382, -400729688
1435: 453314631  53009699, -400304932
1436: 454564605  53188254, -401376351
1437: 454360230  53822318, -400537912
1438: 455548702  52542365, -403006337
1439: 455898080  53274565, -402623515
1440: 456642437  53212455, -403429982
1441: 457580070  54061085, -403518985
1442: 457230359  52748090, -404482269
1443: 456943653  54551529, -402392124
1444: 457987564  54702419, -403285145
1445: 458505994  54050818, -404455176
1446: 458819987  53064712, -405755275
1447: 459365155  53860113, -405505042
1448: 460187039  54391078, -405795961
1449: 461082254  55115063, -405967191
1450: 461780612  51433191, -410347421
1451: 462306015  51883319, -410422696
1452: 462864956  52835271, -410029685
1453: 463276308  53540608, -409735700
1454: 464057595  54114903, -409942692
1455: 465950577  52930938, -413019639
1456: 466068735  53257437, -412811298
1457: 466080835  53909688, -412171147
1458: 468127390  54661534, -413465856
1459: 467811971  53708001, -414103970
1460: 468226689  53467296, -414759393
1461: 469031467  54124430, -414907037
1462: 469598054  54775573, -414822481
1463: 470055758  53907356, -416148402
1464: 470152587  54039805, -416112782
1465: 471315750  54417402, -416898348
1466: 472263959  55160607, -417103352
1467: 472745912  54291535, -418454377
1468: 472696682  54805458, -417891224
1469: 473759658  55437593, -418322065
1470: 474220539  55156874, -419063665
1471: 474804351  54555767, -420248584
1472: 475984966  54937269, -421047697
1473: 476390716  55687674, -420703042
1474: 477031687  56419001, -420612686
1475: 477041160  52872557, -424168603
1476: 478203146  53408488, -424794658
1477: 478716830  54217044, -424499786
1478: 479658057  55082902, -424575155
1479: 479875690  55477498, -424398192
1480: 480791815  53647564, -427144251
1481: 481387003  54567134, -426819869
1482: 482318771  55110582, -427208189
1483: 482417956  55903535, -426514421
1484: 483423338  54493148, -428930190
1485: 483746417  54470837, -429275580
1486: 484171630  55489713, -428681917
1487: 485203036  56406018, -428797018
1488: 486190706  55106569, -431084137
1489: 486450935  55575508, -430875427
1490: 487435137  56404567, -431030570
1491: 487894991  57784695, -430110296
1492: 489510499  55414716, -434095783
1493: 490499451  55989943, -434509508
1494: 491686170  56706516, -434979654
1495: 492239120  56642596, -435596524
1496: 492474578  55707010, -436767568
1497: 492870915  56463943, -436406972
1498: 493979391  57373286, -436606105
1499: 494880660  58097309, -436783351
1500: 495318417  53991334, -441327083
1501: 496057976  54566295, -441491681
1502: 496767596  55268285, -441499311
1503: 497410135  56259312, -441150823
1504: 497548108  56414713, -441133395
1505: 497340226  55046188, -442294038
1506: 497790929  55550814, -442240115
1507: 498079727  56394388, -441685339
1508: 498741775  56788860, -441952915
1509: 499959215  55975245, -443983970
1510: 500681547  56330183, -444351364
1511: 501126237  56836625, -444289612
1512: 501803455  57115027, -444688428
1513: 503041964  57441188, -445600776
1514: 504360712  56953225, -447407487
1515: 504763579  57189209, -447574370
1516: 505797026  57661865, -448135161
1517: 505930511  56604137, -449326374
1518: 506500342  57437569, -449062773
1519: 507439734  58450100, -448989634
1520: 509031246  57316079, -451715167
1521: 508264600  57216637, -451047963
1522: 508312052  57469362, -450842690
1523: 508898401  58117430, -450780971
1524: 509242601  58988000, -450254601
1525: 510578739  55527194, -455051545
1526: 511265378  55964535, -455300843
1527: 511530600  57909829, -453620771
1528: 513932878  57655353, -456277525
1529: 513887616  58350557, -455537059
1530: 515524201  56459623, -459064578
1531: 515780822  57031394, -458749428
1532: 516216866  57781275, -458435591
1533: 517085410  58602791, -458482619
1534: 516913657  57021125, -459892532
1535: 516638332  57804971, -458833361
1536: 517453287  58410323, -459042964
1537: 520028296  59531875, -460496421
1538: 519001593  57949454, -461052139
1539: 521196697  58582126, -462614571
1540: 521776831  58488463, -463288368
1541: 522699224  59248370, -463450854
1542: 523714408  57922602, -465791806
1543: 523781898  58704662, -465077236
1544: 524564760  59331797, -465232963
1545: 523741572  59035227, -464706345
1546: 524641264  58439683, -466201581
1547: 525165145  58976098, -466189047
1548: 526109064  59516084, -466592980
1549: 527905837  60367641, -467538196
1550: 528783805  56557167, -472226638
1551: 529502859  57303386, -472199473
1552: 531842058  57946634, -473895424
1553: 531644752  58732413, -472912339
1554: 531272662  58977148, -472295514
1555: 531039338  57668339, -473370999
1556: 533340425  58127548, -475212877
1557: 532893009  59972724, -472920285
1558: 534880737  59690505, -475190232
1559: 537294972  58978591, -478316381
1560: 535718118  58370944, -477347174
1561: 536382797  59161120, -477221677
1562: 538614030  60316434, -478297596
1563: 537408685  58877840, -478530845
1564: 537259028  59103932, -478155096
1565: 537653575  61225218, -476428357
1566: 539269725  60271486, -478998239
1567: 540485003  59492293, -480992710
1568: 541173822  60009324, -481164498
1569: 541433873  60450233, -480983640
1570: 541418228  60047214, -481371014
1571: 542443530  59740009, -482703521
1572: 542614953  60380021, -482234932
1573: 544434788  60980028, -483454760
1574: 545167303  61683337, -483483966
1575: 545989808  57662840, -488326968
1576: 546939893  58372447, -488567446
1577: 546408978  59418676, -486990302
1578: 546331996  60258938, -486073058
1579: 548392569  62154313, -486238256
1580: 550766250  59183763, -491582487
1581: 551323093  59710839, -491612254
1582: 551135102  60238449, -490896653
1583: 550600523  61358691, -489241832
1584: 553718476  59469341, -494249135
1585: 555560002  60086159, -495473843
1586: 555432602  60579549, -494853053
1587: 553839781  61722823, -492116958
1588: 555196553  60077207, -495119346
1589: 554500723  60454816, -494045907
1590: 555160331  60758021, -494402310
1591: 555661694  61595674, -494066020
1592: 558315029  60562239, -497752790
1593: 558683339  61402266, -497281073
1594: 558809666  62181132, -496628534
1595: 558037414  61630854, -496406560
1596: 558700721  60859835, -497840886
1597: 559635900  61459219, -498176681
1598: 561654617  62252682, -499401935
1599: 562241815  62804213, -499437602
1600: 563383092  59041049, -504342043
1601: 563291660  59422162, -503869498
1602: 563873157  60390332, -503482825
1603: 564232153  61821229, -502410924
1604: 565400536  61483883, -503916653
1605: 566215245  59873673, -506341572
1606: 567562082  60733372, -506828710
1607: 568578471  61590046, -506988425
1608: 567080319  62149437, -504930882
1609: 569583183  60959592, -508623591
1610: 570876076  61209227, -509666849
1611: 571700761  61753275, -509947486
1612: 576351913  63640459, -512711454
1613: 599603137  67912405, -531690732
1614: 622237759  61862176, -560375583
1615: 576445446  61964879, -514480567
1616: 575460371  63158843, -512301528
1617: 577353977  62042326, -515311651
1618: 579889534  62442419, -517447115
1619: 578248826  65408682, -512840144
1620: 587011777  71269632, -515742145
1621: 616919267  66283883, -550635384
1622: 591476598  62463279, -529013319
1623: 580022127  63423797, -516598330
1624: 579159770  63821745, -515338025
1625: 606837800  67154066, -539683734
1626: 611710049  72633483, -539076566
1627: 618707570  62328710, -556378860
1628: 683461493  67038980, -616422513
1629: 588040189  64026379, -524013810
1630: 585654055  62588410, -523065645
1631: 584823163  62183871, -522639292
1632: 584922654  66812524, -518110130
1633: 605408555  64544101, -540864454
1634: 609827293  62373997, -547453296
1635: 596428661  63971878, -532456783
1636: 607531094  64911682, -542619412
1637: 595893617  81567167, -514326450
1638: 598224783  62941520, -535283263
1639: 619278166  66977769, -552300397
1640: 610908353  70195003, -540713350
1641: 611609677  65782276, -545827401
1642: 636577437  74387702, -562189735
1643: 621897698  64606484, -557291214
1644: 599069504  64135018, -534934486
1645: 599809897  64506621, -535303276
1646: 595581812  63611401, -531970411
1647: 596389049  64126513, -532262536
1648: 599078392  64711814, -534366578
1649: 597797580  65417890, -532379690
1650: 597537360  61562903, -535974457
1651: 599425266  62045017, -537380249
1652: 600634536  62974322, -537660214
1653: 601243410  63622185, -537621225
1654: 616034361  64876505, -551157856
1655: 615125414  73867558, -541257856
1656: 603087543  63266362, -539821181
1657: 602200186  63855863, -538344323
1658: 608831392  81510341, -527321051
1659: 605550038  63411058, -542138980
1660: 606333937  63558278, -542775659
1661: 634573969  66389703, -568184266
1662: 611723490  64894104, -546829386
1663: 641709693  65832982, -575876711
1664: 612010359  65157993, -546852366
1665: 623382794  66163901, -557218893
1666: 617846925  66807814, -551039111
1667: 618901340  64352336, -554549004
1668: 672734845  70020779, -602714066
1669: 619869345  83772245, -536097100
1670: 614311756  65288031, -549023725
1671: 633580677  67755417, -565825260
1672: 620583091  65346364, -555236727
1673: 615693272  67686195, -548007077
1674: 616590781  67710245, -548880536
1675: 618783231  63060184, -555723047
1676: 617955567  63515300, -554440267
1677: 625434678  64473432, -560961246
1678: 619121679  65246066, -553875613
1679: 622752097  66998831, -555753266
1680: 620170876  63736007, -556434869
1681: 621052138  64813391, -556238747
1682: 638433838  68413772, -570020066
1683: 621892388  66216497, -555675891
1684: 622532750  65724674, -556808076
1685: 645773372  65235642, -580537730
1686: 632233410  67848863, -564384547
1687: 648402520  70560219, -577842301
1688: 631237036  68290638, -562946398
1689: 626494405  65660513, -560833892
1690: 626800712  66891794, -559908918
1691: 627911550  66799982, -561111568
1692: 629497936  65535980, -563961956
1693: 634223025  68148209, -566074816
1694: 669093230  72569159, -596524071
1695: 682247740  73932250, -608315490
1696: 659825002  72677171, -587147831
1697: 664053183  66618647, -597434536
1698: 632836058  67733592, -565102466
1699: 634294365  68350258, -565944107
1700: 636369623  64262428, -572107195
1701: 634596349  64563824, -570032525
1702: 662350405  66313172, -596037233
1703: 642576608  69190409, -573386199
1704: 641755333  67905041, -573850292
1705: 638891240  65688401, -573202839
1706: 640427458  65946055, -574481403
1707: 640015944  67468827, -572547117
1708: 641002210  67328763, -573673447
1709: 642117708  66511104, -575606604
1710: 641324567  67966694, -573357873
1711: 643581815  67101224, -576480591
1712: 644505870  67731331, -576774539
1713: 645658955  68536753, -577122202
1714: 730526158  67137628, -663388530
1715: 645217577  67451096, -577766481
1716: 648016333  68113391, -579902942
1717: 652551998  67518947, -585033051
1718: 648967272  67824169, -581143103
1719: 649771782  68464608, -581307174
1720: 649425217  67882736, -581542481
1721: 650952200  67206920, -583745280
1722: 652585125  68288728, -584296397
1723: 651154167  68770473, -582383694
1724: 687045727  69438850, -617606877
1725: 654467054  65695206, -588771848
1726: 653883453  68082230, -585801223
1727: 655893169  67404347, -588488822
1728: 655287059  67944575, -587342484
1729: 657209557  68900446, -588309111
1730: 660511740  68012185, -592499555
1731: 661622338  67435002, -594187336
1732: 659515296  68353822, -591161474
1733: 660571214  68933085, -591638129
1734: 659887209  69097227, -590789982
1735: 660870524  68053021, -592817503
1736: 661446765  68765552, -592681213
1737: 662376533  69392198, -592984335
1738: 663651862  68273828, -595378034
1739: 663261024  68526922, -594734102
1740: 665497839  69085316, -596412523
1741: 666184179  69583251, -596600928
1742: 666658375  68114915, -598543460
1743: 667819978  69175534, -598644444
1744: 667396893  69944999, -597451894
1745: 676359512  70635579, -605723933
1746: 671194623  68659314, -602535309
1747: 670544279  72207894, -598336385
1748: 673784731  70535644, -603249087
1749: 671827410  71835294, -599992116
1750: 673325815  66720715, -606605100
1751: 674115390  67341637, -606773753
1752: 673327001  69821732, -603505269
1753: 676752082  69169737, -607582345
1754: 675247011  69728826, -605518185
1755: 676889993  68263813, -608626180
1756: 679533203  68741953, -610791250
1757: 678024412  69254450, -608769962
1758: 679074933  70079940, -608994993
1759: 678947537  68813101, -610134436
1760: 680475716  69000461, -611475255
1761: 680858148  69770373, -611087775
1762: 682738926  70263149, -612475777
1763: 691194816  69917451, -621277365
1764: 688537109  75105113, -613431996
1765: 687501788  76391344, -611110444
1766: 687927227  70808544, -617118683
1767: 692256829  69713047, -622543782
