8:     24025     23880,      -145
9:     28511     27995,      -516
10:     34175     33389,      -786
11:     38688     38277,      -411
12:     44246     45136,       890
13:     51746     49086,     -2660
14:     56609     57696,      1087
15:     62751     63188,       437
16:     70706     69713,      -993
17:     78440     77587,      -853
18:     87489     87680,       191
19:     96537     96544,         7
20:    106335    105247,     -1088
21:    116096    115189,      -907
22:    125310    125194,      -116
23:    151703    135107,    -16596
24:    146895    147293,       398
25:    159136    157076,     -2060
26:    170545    169587,      -958
27:    181747    181961,       214
28:    198843    196789,     -2054
29:    211415    209522,     -1893
30:    226039    228806,      2767
31:    239533    240668,      1135
32:    255555    255429,      -126
33:    272294    270376,     -1918
34:    316743    313180,     -3563
35:    338328    343513,      5185
36:    366033    363435,     -2598
37:    336663    353388,     16725
38:    352092    360882,      8790
39:    368999    368945,       -54
40:    386459    388330,      1871
41:    406490    406119,      -371
42:    421980    425813,      3833
43:    464832    445071,    -19761
44:    468088    485345,     17257
45:    528973    481511,    -47462
46:    514746    510447,     -4299
47:    552387    530837,    -21550
48:    549685    549121,      -564
49:    584147    573784,    -10363
50:    592437    617700,     25263
51:    615630    621935,      6305
52:    642667    647216,      4549
53:    666765    661438,     -5327
54:    705010    691535,    -13475
55:    711501    731359,     19858
56:    755295    737299,    -17996
57:    779744    762603,    -17141
58:    791823    798686,      6863
59:    820972    820310,      -662
60:    851895    839115,    -12780
61:    888992    875833,    -13159
62:    906669    930979,     24310
63:    933264    934186,       922
64:    966661    953525,    -13136
65:    983083    987747,      4664
66:   1011153   1008649,     -2504
67:   1046550   1044798,     -1752
68:   1081914   1076438,     -5476
69:   1119926   1110785,     -9141
70:   1149111   1143306,     -5805
71:   1169091   1169178,        87
72:   1211886   1231606,     19720
73:   1231108   1239176,      8068
74:   1274161   1280053,      5892
75:   1316769   1306604,    -10165
76:   1349277   1346333,     -2944
77:   1371161   1367269,     -3892
78:   1402144   1406720,      4576
79:   1437756   1443026,      5270
80:   1472675   1485383,     12708
81:   1521819   1530541,      8722
82:   1566417   1544305,    -22112
83:   1597744   1583926,    -13818
84:   1630998   1632785,      1787
85:   1678111   1669355,     -8756
86:   1725726   1699889,    -25837
87:   1733696   1746655,     12959
88:   1772197   1776504,      4307
89:   1838633   1832670,     -5963
90:   1852559   1861058,      8499
91:   1909499   1896490,    -13009
92:   1937418   1932742,     -4676
93:   1989526   1988594,      -932
94:   2021642   2031788,     10146
95:   2056560   2079732,     23172
96:   2124275   2127681,      3406
97:   2158399   2170055,     11656
98:   2208935   2205160,     -3775
99:   2370774   2321981,    -48793
100:   2280291   2283186,      2895
101:   2379242   2350697,    -28545
102:   2385929   2392482,      6553
103:   2477677   2434392,    -43285
104:   2468173   2509182,     41009
105:   2542555   2573571,     31016
106:   2601415   2576039,    -25376
107:   2622047   2612729,     -9318
108:   2674072   2653816,    -20256
109:   2694513   2740540,     46027
110:   2801248   2767999,    -33249
111:   2790540   2827803,     37263
112:   2865855   2901390,     35535
113:   2894283   2892320,     -1963
114:   2965988   2968400,      2412
115:   3030940   2992771,    -38169
116:   3071212   3054465,    -16747
117:   3107815   3093123,    -14692
118:   3161303   3163988,      2685
119:   3192694   3211616,     18922
120:   3259146   3264926,      5780
121:   3357355   3347680,     -9675
122:   3381051   3377144,     -3907
123:   3415404   3437869,     22465
124:   3530173   3505223,    -24950
125:   3587557   3612237,     24680
126:   3611655   3647329,     35674
127:   3702216   3659138,    -43078
128:   3755925   3710069,    -45856
129:   3792276   3783393,     -8883
130:   3834760   3839658,      4898
131:   3908488   3886181,    -22307
132:   4000319   3953996,    -46323
133:   4007909   4016091,      8182
134:   4076062   4115191,     39129
135:   4124474   4144829,     20355
136:   4196166   4217004,     20838
137:   4236878   4298184,     61306
138:   4320006   4332591,     12585
139:   4409940   4423206,     13266
140:   4442987   4483079,     40092
141:   4480178   4512835,     32657
142:   4572357   4602911,     30554
143:   4633099   4614322,    -18777
144:   4693221   4696957,      3736
145:   4780246   4860437,     80191
146:   4836379   4814933,    -21446
147:   4882823   4907151,     24328
148:   4955405   4974051,     18646
149:   5031591   5019700,    -11891
150:   5091406   5103614,     12208
151:   5150477   5117958,    -32519
152:   5221068   5214106,     -6962
153:   5309666   5279462,    -30204
154:   5394200   5364063,    -30137
155:   5443048   5427680,    -15368
156:   5593169   5500092,    -93077
157:   5569147   5605525,     36378
158:   5804554   5662236,   -142318
159:   5752396   5691589,    -60807
160:   5761606   5781597,     19991
161:   5816049   5830001,     13952
162:   5910572   5897287,    -13285
163:   5948812   4831662,  -1117150
164:   6042786   4892843,  -1149943
165:   6157968   4937693,  -1220275
166:   6185346   4971211,  -1214135
167:   6290710   5093051,  -1197659
168:   6355278   5093416,  -1261862
169:   6379182   5233494,  -1145688
170:   6496741   5259896,  -1236845
171:   6542665   5256930,  -1285735
172:   6639203   5366264,  -1272939
173:   6697161   5430319,  -1266842
174:   6811244   5482423,  -1328821
175:   6868241   5556384,  -1311857
176:   6969225   5576824,  -1392401
177:   7048428   5666914,  -1381514
178:   7118512   5706297,  -1412215
179:   7149778   5774145,  -1375633
180:   7255352   5877758,  -1377594
181:   7333630   5939765,  -1393865
182:   7415196   5994887,  -1420309
183:   7553821   6040033,  -1513788
184:   7582479   6092136,  -1490343
185:   7906340   6349237,  -1557103
186:   7742781   6250443,  -1492338
187:   8271103   6862738,  -1408365
188:   7949376   6350692,  -1598684
189:   8018332   6388970,  -1629362
190:   8101389   6574577,  -1526812
191:   8270804   6663571,  -1607233
192:   8303948   6634188,  -1669760
193:   8345044   6737249,  -1607795
194:   8482751   6781002,  -1701749
195:   8526827   6869629,  -1657198
196:   8670707   6917260,  -1753447
197:   8690399   6935189,  -1755210
198:   8778257   7014092,  -1764165
199:   8885928   7050318,  -1835610
200:   8969623   7181233,  -1788390
201:   9071721   7166586,  -1905135
202:   9112403   7322929,  -1789474
203:   9189571   7392242,  -1797329
204:   9318676   7447160,  -1871516
205:   9351915   7491515,  -1860400
206:   9506686   7568498,  -1938188
207:   9550987   7600617,  -1950370
208:   9705005   7656268,  -2048737
209:   9739941   7736369,  -2003572
210:   9846097   7819588,  -2026509
211:   9898074   7910948,  -1987126
212:  10031593   7976382,  -2055211
213:  10115674   8073162,  -2042512
214:  10217292   8099061,  -2118231
215:  10343905   8193003,  -2150902
216:  10417211   8366791,  -2050420
217:  10697528   8431723,  -2265805
218:  10665467   8467407,  -2198060
219:  10664660   8490479,  -2174181
220:  10816675   8572258,  -2244417
221:  10929068   8651181,  -2277887
222:  11025714   8697263,  -2328451
223:  11060804   8832192,  -2228612
224:  11184461   8915945,  -2268516
225:  11251508   8913463,  -2338045
226:  11392024   8989550,  -2402474
227:  11459082   9089688,  -2369394
228:  11591147   9118516,  -2472631
229:  11699718   9214846,  -2484872
230:  11830287   9249324,  -2580963
231:  11856394   9377100,  -2479294
232:  12028893   9493315,  -2535578
233:  12138185   9568669,  -2569516
234:  12206292   9658998,  -2547294
235:  12275239   9721991,  -2553248
236:  12408294   9844885,  -2563409
237:  12480623   9909948,  -2570675
238:  12615581   9982355,  -2633226
239:  12745796  10042879,  -2702917
240:  12883853  10128694,  -2755159
241:  12945771  10215363,  -2730408
242:  13048313  10320238,  -2728075
243:  13112244  10359682,  -2752562
244:  13229649  10494639,  -2735010
245:  13572875  11271864,  -2301011
246:  13462585  10669525,  -2793060
247:  13521763  10767680,  -2754083
248:  13723627  10777331,  -2946296
249:  13758108  10815945,  -2942163
250:  13955364  10999313,  -2956051
251:  14026033  11095825,  -2930208
252:  14131605  11101335,  -3030270
253:  14259049  11319098,  -2939951
254:  14440334  11327598,  -3112736
255:  14427016  11388952,  -3038064
256:  14638088   6352504,  -8285584
257:  14725616   6564915,  -8160701
258:  14815969   6643294,  -8172675
259:  14895292   6854647,  -8040645
260:  15060883   6493478,  -8567405
261:  15133748   6594530,  -8539218
262:  15276662   6718730,  -8557932
263:  15368044   6888921,  -8479123
264:  15571164   7011044,  -8560120
265:  15561897   6740659,  -8821238
266:  15805305   6797804,  -9007501
267:  15797761   7008920,  -8788841
268:  16096147   7095721,  -9000426
269:  16114255   7337033,  -8777222
270:  16275243   6956956,  -9318287
271:  16440020   7066497,  -9373523
272:  16497678   7159963,  -9337715
273:  16571458   7322577,  -9248881
274:  16814964   7563298,  -9251666
275:  16866789   7218854,  -9647935
276:  17031105   7281135,  -9749970
277:  17103199   7536449,  -9566750
278:  17240447   7650528,  -9589919
279:  17350747   7970144,  -9380603
280:  17531945   7357557, -10174388
281:  17557378   7580172,  -9977206
282:  17769761   7676062, -10093699
283:  17781850   7964114,  -9817736
284:  18131697   8145180,  -9986517
285:  18046145   7705980, -10340165
286:  18335582   7795148, -10540434
287:  18358098   8073703, -10284395
288:  18806627   8703779, -10102848
289:  18539558   8306245, -10233313
290:  18709671   8156180, -10553491
291:  18882502   8124379, -10758123
292:  18939504   8259828, -10679676
293:  19105173   8486147, -10619026
294:  19282898   8703189, -10579709
295:  19337483   8271283, -11066200
296:  19474231   8286794, -11187437
297:  19565627   8605563, -10960064
298:  19901946   8854446, -11047500
299:  19926153   8886121, -11040032
300:  19992945   8328202, -11664743
301:  20119959   8531935, -11588024
302:  20300565   8615277, -11685288
303:  20312565   8832017, -11480548
304:  20533283   8914303, -11618980
305:  20596353   8594686, -12001667
306:  20796777   8800528, -11996249
307:  20871990   8908728, -11963262
308:  21179457   9140356, -12039101
309:  21116370   9400277, -11716093
310:  21350984   8792081, -12558903
311:  21429348   8955472, -12473876
312:  21703904   9231033, -12472871
313:  21680660   9346742, -12333918
314:  21913082   9688750, -12224332
315:  22182362   9150132, -13032230
316:  22282549   9260606, -13021943
317:  22334803   9469099, -12865704
318:  22511282   9607816, -12903466
319:  22687765   9820208, -12867557
320:  22845038   9119727, -13725311
321:  22938431   9456820, -13481611
322:  23117259   9598840, -13518419
323:  23219213   9792288, -13426925
324:  23367634  10029314, -13338320
325:  23433444   9620589, -13812855
326:  23708310   9745847, -13962463
327:  23801396   9970559, -13830837
328:  23979072  10097179, -13881893
329:  23978786  10379288, -13599498
330:  24220548   9856226, -14364322
331:  24294149   9974663, -14319486
332:  24572620  10073757, -14498863
333:  24591348  10316574, -14274774
334:  24858406  10799502, -14058904
335:  25044397  10040893, -15003504
336:  25141441  10287464, -14853977
337:  25265366  10457614, -14807752
338:  25367918  10703216, -14664702
339:  25646452  10865171, -14781281
340:  25728500  10158156, -15570344
341:  25815888  10344554, -15471334
342:  25980040  10648303, -15331737
343:  26013631  10819161, -15194470
344:  26230689  11040461, -15190228
345:  26351089  10526922, -15824167
346:  26532397  10639867, -15892530
347:  26731830  10828545, -15903285
348:  26813616  11141320, -15672296
349:  27005213  11479647, -15525566
350:  27230363  10826431, -16403932
351:  27496521  11613340, -15883181
352:  27450864  11231673, -16219191
353:  27626382  11415923, -16210459
354:  27760885  11683663, -16077222
355:  28017005  11026878, -16990127
356:  28094078  11327953, -16766125
357:  28164934  11559029, -16605905
358:  28359604  11861353, -16498251
359:  28618715  11929082, -16689633
360:  28689337  11323824, -17365513
361:  28859252  11876662, -16982590
362:  29016088  11905137, -17110951
363:  29148026  12179964, -16968062
364:  29380281  12381730, -16998551
365:  29578569  12036389, -17542180
366:  29822423  12356985, -17465438
367:  29956933  12354950, -17601983
368:  30104565  12758544, -17346021
369:  30281872  12875018, -17406854
370:  30439448  12537197, -17902251
371:  30444834  12460335, -17984499
372:  30647216  12591106, -18056110
373:  30749969  12853227, -17896742
374:  31076064  13146103, -17929961
375:  31207371  12295669, -18911702
376:  32720828  12473341, -20247487
377:  31415070  12888964, -18526106
378:  31641333  12879605, -18761728
379:  31846385  13293521, -18552864
380:  32216670  12707777, -19508893
381:  32288055  12936618, -19351437
382:  32586625  13028686, -19557939
383:  32534452  13443453, -19090999
384:  32696681  13609279, -19087402
385:  32931563  13059123, -19872440
386:  32974831  13083827, -19891004
387:  33092069  13437479, -19654590
388:  33342613  13816923, -19525690
389:  33547641  13964878, -19582763
390:  33827642  13034148, -20793494
391:  33749682  13321525, -20428157
392:  33982893  13733538, -20249355
393:  34295958  13784858, -20511100
394:  34396569  13887587, -20508982
395:  34494060  13353454, -21140606
396:  34749412  13570557, -21178855
397:  34926502  13921571, -21004931
398:  36783386  14663039, -22120347
399:  35242097  14550261, -20691836
400:  35483283  13821955, -21661328
401:  35607592  14025348, -21582244
402:  35806762  14299237, -21507525
403:  35969937  14665599, -21304338
404:  36135453  14643035, -21492418
405:  36515129  13927056, -22588073
406:  36473644  14065083, -22408561
407:  36665109  14434670, -22230439
408:  36891193  14602836, -22288357
409:  36969218  14755693, -22213525
410:  37170536  14123510, -23047026
411:  37476967  14532067, -22944900
412:  37878952  14648876, -23230076
413:  37658080  15023141, -22634939
414:  37903552  15192872, -22710680
415:  38071479  14779492, -23291987
416:  38470563  14812968, -23657595
417:  38398980  15255629, -23143351
418:  39578336  16805196, -22773140
419:  38871029  16011163, -22859866
420:  39194684  14576518, -24618166
421:  39396141  14816997, -24579144
422:  39356465  15274939, -24081526
423:  39572010  15505149, -24066861
424:  39836719  15633833, -24202886
425:  39974012  15281805, -24692207
426:  40088995  15389998, -24698997
427:  40236101  15621424, -24614677
428:  40435786  15777351, -24658435
429:  40713917  16176690, -24537227
430:  40928903  15639362, -25289541
431:  41143914  15802214, -25341700
432:  41206119  16051986, -25154133
433:  41347279  16429024, -24918255
434:  41609531  16322563, -25286968
435:  41899816  15584884, -26314932
436:  41968097  15910385, -26057712
437:  42183004  16083190, -26099814
438:  42362593  16207069, -26155524
439:  42582669  16742855, -25839814
440:  42774286  15941468, -26832818
441:  42950380  16417341, -26533039
442:  43386235  16409295, -26976940
443:  43347229  16778339, -26568890
444:  43673549  16965736, -26707813
445:  43720774  16433224, -27287550
446:  44076922  16751082, -27325840
447:  44194712  17088032, -27106680
448:  44457151  17542917, -26914234
449:  44645102  17501955, -27143147
450:  44888463  16353259, -28535204
451:  45026697  16857102, -28169595
452:  45264344  17161818, -28102526
453:  45607475  17310827, -28296648
454:  45975799  17441983, -28533816
455:  45750175  16988334, -28761841
456:  46207941  17430214, -28777727
457:  46337703  17475435, -28862268
458:  46496958  17627902, -28869056
459:  46717000  18291671, -28425329
460:  47063052  17287912, -29775140
461:  47227172  17540444, -29686728
462:  47226433  17802701, -29423732
463:  47517295  18247172, -29270123
464:  47498444  18205934, -29292510
465:  47743319  17198848, -30544471
466:  48041306  17515493, -30525813
467:  48075773  18124578, -29951195
468:  48462830  18064588, -30398242
469:  48553902  18574163, -29979739
470:  49012991  17905610, -31107381
471:  48907098  18224697, -30682401
472:  49231035  18321327, -30909708
473:  49426259  18669462, -30756797
474:  49580076  18913551, -30666525
475:  49802119  18339659, -31462460
476:  50037998  18591813, -31446185
477:  50159145  18853192, -31305953
478:  50526376  19257193, -31269183
479:  50701137  19478130, -31223007
480:  50859124  18125094, -32734030
481:  51062730  18581340, -32481390
482:  51271244  18896482, -32374762
483:  51512801  19107102, -32405699
484:  51718329  19712539, -32005790
485:  52558039  18842899, -33715140
486:  52120695  18951828, -33168867
487:  52405684  19193372, -33212312
488:  52579233  20050517, -32528716
489:  52757102  20386368, -32370734
490:  52955904  19187369, -33768535
491:  53126099  19502705, -33623394
492:  53394884  20156175, -33238709
493:  53586844  20514956, -33071888
494:  53833834  20852668, -32981166
495:  53971764  19212543, -34759221
496:  54249827  20167043, -34082784
497:  54571494  20632314, -33939180
498:  54732897  20833851, -33899046
499:  56318170  21211504, -35106666
500:  55153263  21079277, -34073986
501:  55405654  21306484, -34099170
502:  55568636  21879508, -33689128
503:  55795262  22146616, -33648646
504:  56029991  22219579, -33810412
505:  56289968  21363864, -34926104
506:  56481923  21968960, -34512963
507:  56659876  22269660, -34390216
508:  57115923  22306486, -34809437
509:  57054452  22712005, -34342447
510:  57389567  21943454, -35446113
511:  57508290  22253612, -35254678
512:  59914669  22459229, -37455440
513:  58073041  22851840, -35221201
514:  58657125  23197225, -35459900
515:  58408858  22558072, -35850786
516:  58752859  22709784, -36043075
517:  58861603  23173535, -35688068
518:  59477816  23503663, -35974153
519:  59538743  23968396, -35570347
520:  60102108  23239673, -36862435
521:  60076982  22601121, -37475861
522:  60295505  22734332, -37561173
523:  60276831  23336769, -36940062
524:  60590254  23277096, -37313158
525:  60904989  22761134, -38143855
526:  61000447  22987544, -38012903
527:  61464432  23458916, -38005516
528:  61469989  23536875, -37933114
529:  61899735  23956243, -37943492
530:  62017430  23157354, -38860076
531:  62233153  23573379, -38659774
532:  62564663  23820428, -38744235
533:  62901616  24087138, -38814478
534:  62924835  24283828, -38641007
535:  63044777  23922691, -39122086
536:  63523616  24059776, -39463840
537:  63742567  24325801, -39416766
538:  63901903  24708837, -39193066
539:  64144643  25372369, -38772274
540:  64436111  23488950, -40947161
541:  64484842  23962268, -40522574
542:  65127099  24337127, -40789972
543:  65032075  24818795, -40213280
544:  65324295  24720819, -40603476
545:  65580546  24144424, -41436122
546:  65729815  24396428, -41333387
547:  66209927  24956401, -41253526
548:  66273756  25412500, -40861256
549:  66565319  25190514, -41374805
550:  67214301  24968209, -42246092
551:  67113923  25347506, -41766417
552:  67493081  25151864, -42341217
553:  67663822  25717902, -41945920
554:  67892104  26034771, -41857333
555:  68007842  25577465, -42430377
556:  68440036  25317851, -43122185
557:  68622782  25822701, -42800081
558:  68839136  26466083, -42373053
559:  68975927  26817972, -42157955
560:  69426107  24980596, -44445511
561:  69677438  25371352, -44306086
562:  69961381  25751252, -44210129
563:  70016413  26315188, -43701225
564:  70534497  26330078, -44204419
565:  70507284  25360583, -45146701
566:  70647957  25757530, -44890427
567:  70942478  26219008, -44723470
568:  71080513  26325758, -44754755
569:  71421574  26632131, -44789443
570:  71584648  27995299, -43589349
571:  71913519  26576495, -45337024
572:  72147944  26633637, -45514307
573:  72488919  26867079, -45621840
574:  72596231  27511013, -45085218
575:  72779238  26723733, -46055505
576:  73101593  26907504, -46194089
577:  73467534  27280351, -46187183
578:  73678054  27911527, -45766527
579:  73792503  28194958, -45597545
580:  74324560  26433870, -47890690
581:  74425718  26786044, -47639674
582:  74676823  27171114, -47505709
583:  75012958  27439574, -47573384
584:  75201361  28233258, -46968103
585:  75442581  26654034, -48788547
586:  75706423  27299358, -48407065
587:  76010642  27942691, -48067951
588:  76307693  28333096, -47974597
589:  76569775  29059454, -47510321
590:  76824922  27465084, -49359838
591:  77234185  28080949, -49153236
592:  77194669  28626484, -48568185
593:  77357552  29103667, -48253885
594:  77758838  29675824, -48083014
595:  78074895  28763473, -49311422
596:  78499247  29281790, -49217457
597:  78593636  29599739, -48993897
598:  78982066  30159274, -48822792
599:  79645030  30709712, -48935318
600:  79588261  29240126, -50348135
601:  80072797  29743451, -50329346
602:  82266676  30191976, -52074700
603:  80615407  30816381, -49799026
604:  80737602  31174204, -49563398
605:  80894771  30037863, -50856908
606:  81109596  30547720, -50561876
607:  81603825  30878097, -50725728
608:  81466316  31308636, -50157680
609:  81832983  31243009, -50589974
610:  82481060  30808238, -51672822
611:  82173489  31396860, -50776629
612:  82511421  31728396, -50783025
613:  82657000  31713330, -50943670
614:  83236016  32197843, -51038173
615:  83470060  31364951, -52105109
616:  83775110  31902323, -51872787
617:  83949625  31931413, -52018212
618:  84311127  32464992, -51846135
619:  84305898  32909834, -51396064
620:  84791374  32355515, -52435859
621:  84992709  32068848, -52923861
622:  85110737  32682695, -52428042
623:  85533386  33328459, -52204927
624:  85692572  33619822, -52072750
625:  85944608  31027268, -54917340
626:  86322611  31496100, -54826511
627:  87525402  32105573, -55419829
628:  87087193  32784429, -54302764
629:  87292083  33171842, -54120241
630:  87496874  31891478, -55605396
631:  87908133  32421165, -55486968
632:  88215599  33590017, -54625582
633:  88691169  34194514, -54496655
634:  89547862  33770946, -55776916
635:  89644505  35201503, -54443002
636:  90489492  33428627, -57060865
637:  89913799  33959585, -55954214
638:  90712332  35021907, -55690425
639:  90763377  34490828, -56272549
640:  90581351  33297312, -57284039
641:  90503041  33834631, -56668410
642:  90726310  33661561, -57064749
643:  91050628  34223021, -56827607
644:  91401546  34791276, -56610270
645:  91692497  34108812, -57583685
646:  92105174  34181509, -57923665
647:  92175256  34630391, -57544865
648:  92599659  35122175, -57477484
649:  92707109  35748378, -56958731
650:  93314547  32738661, -60575886
651:  93401756  33458675, -59943081
652:  93614662  33927479, -59687183
653:  94001420  34613346, -59388074
654:  94251078  35071972, -59179106
655:  94309489  33528852, -60780637
656:  94647522  34047459, -60600063
657:  95098986  34741950, -60357036
658:  95473310  35305976, -60167334
659:  95722652  35139853, -60582799
660:  95846885  34503000, -61343885
661:  96221762  35134212, -61087550
662:  96473997  35657578, -60816419
663:  96672991  35465006, -61207985
664:  97013611  35747924, -61265687
665:  97216472  35557732, -61658740
666:  97764098  36002288, -61761810
667:  97992769  35712486, -62280283
668:  98315188  36440922, -61874266
669:  98577252  36979279, -61597973
670:  99000509  36080658, -62919851
671:  99005696  35964235, -63041461
672:  99314352  36623429, -62690923
673:  99743069  37409274, -62333795
674:  99974467  37848979, -62125488
675: 100365677  34852953, -65512724
676: 100585150  36850078, -63735072
677: 100865622  35955480, -64910142
678: 101174189  36851150, -64323039
679: 101554599  36941626, -64612973
680: 101694570  35745139, -65949431
681: 101966530  36339109, -65627421
682: 102478557  36792813, -65685744
683: 102932979  37324059, -65608920
684: 104456536  37563480, -66893056
685: 103699255  36943177, -66756078
686: 103880438  37237364, -66643074
687: 103820913  37805658, -66015255
688: 104274608  37543656, -66730952
689: 104347968  37991408, -66356560
690: 104804607  37414692, -67389915
691: 106066301  39200198, -66866103
692: 105321613  37843837, -67477776
693: 107023926  38699055, -68324871
694: 106043316  39082125, -66961191
695: 106258835  38236779, -68022056
696: 106646434  38152761, -68493673
697: 106924299  38720334, -68203965
698: 107235284  39329014, -67906270
699: 107715621  39990671, -67724950
700: 107977011  36782521, -71194490
701: 107997369  37222985, -70774384
702: 108353961  37908910, -70445051
703: 108529036  38659123, -69869913
704: 109185959  39142199, -70043760
705: 109314037  37547149, -71766888
706: 109689306  38231808, -71457498
707: 109906375  38936429, -70969946
708: 110483124  39776961, -70706163
709: 110445437  39489708, -70955729
710: 111091747  38643436, -72448311
711: 111365886  39379039, -71986847
712: 111703863  39922918, -71780945
713: 111832151  39600177, -72231974
714: 112230263  40146545, -72083718
715: 112453182  39483499, -72969683
716: 113057320  40338186, -72719134
717: 112993132  40005361, -72987771
718: 113528808  40637376, -72891432
719: 113775732  41208440, -72567292
720: 114143002  40372745, -73770257
721: 114229116  40298367, -73930749
722: 115006034  40961574, -74044460
723: 114910164  41692831, -73217333
724: 115340435  42263605, -73076830
725: 115571619  38895718, -76675901
726: 117545996  40274585, -77271411
727: 116233791  40338090, -75895701
728: 116730705  40983215, -75747490
729: 116841715  41848931, -74992784
730: 117406796  39767128, -77639668
731: 118120970  40426225, -77694745
732: 118002992  41132608, -76870384
733: 119623386  41975040, -77648346
734: 118706043  41365848, -77340195
735: 118779714  40843148, -77936566
736: 119224254  41417907, -77806347
737: 119817241  42176068, -77641173
738: 122008882  41847942, -80160940
739: 119981561  42423534, -77558027
740: 122050714  41822361, -80228353
741: 120656265  42422169, -78234096
742: 121177301  42400482, -78776819
743: 121527801  42714633, -78813168
744: 121850794  43484661, -78366133
745: 121888760  42833290, -79055470
746: 122277418  42625056, -79652362
747: 122551900  43198505, -79353395
748: 122970454  43889689, -79080765
749: 123364010  44618987, -78745023
750: 123680221  41036439, -82643782
751: 124049923  41482856, -82567067
752: 124292952  42311920, -81981032
753: 126773646  43316823, -83456823
754: 125196428  43708506, -81487922
755: 125189815  42013690, -83176125
756: 125748127  42506084, -83242043
757: 125940481  43314216, -82626265
758: 126394128  44115378, -82278750
759: 126564608  43740496, -82824112
760: 127298888  42947056, -84351832
761: 127210337  43669468, -83540869
762: 127731095  44797205, -82933890
763: 127812711  43970671, -83842040
764: 128264910  44518298, -83746612
765: 128629606  44279157, -84350449
766: 129141812  45126122, -84015690
767: 129293034  44521537, -84771497
768: 129878900  45004714, -84874186
769: 129953942  45926164, -84027778
770: 130553950  44991156, -85562794
771: 130687462  44722271, -85965191
772: 131127792  45316761, -85811031
773: 131505955  46290993, -85214962
774: 132029202  46566827, -85462375
775: 131844801  43231513, -88613288
776: 132355058  43835188, -88519870
777: 132661591  44513610, -88147981
778: 133595157  45918261, -87676896
779: 133841855  46347075, -87494780
780: 134225945  44908594, -89317351
781: 134262463  45140625, -89121838
782: 134779955  45596898, -89183057
783: 135036127  46512684, -88523443
784: 135253389  45795390, -89457999
785: 135539726  45601020, -89938706
786: 136396987  46289389, -90107598
787: 136088038  46945282, -89142756
788: 136594155  46448345, -90145810
789: 139216546  47215580, -92000966
790: 137290558  46392885, -90897673
791: 137544854  47332382, -90212472
792: 138021245  46816954, -91204291
793: 138538370  48328805, -90209565
794: 138682187  48053834, -90628353
795: 139498156  47470654, -92027502
796: 139395864  47254160, -92141704
797: 139945302  47907142, -92038160
798: 140152806  48401803, -91751003
799: 140385569  46129134, -94256435
800: 140812647  45584448, -95228199
801: 141004601  46209146, -94795455
802: 141652741  46913229, -94739512
803: 141893908  44800396, -97093512
804: 142311986  45237401, -97074585
805: 143109334  46827592, -96281742
806: 145934216  47354248, -98579968
807: 143653753  44831323, -98822430
808: 143820209  48257702, -95562507
809: 143809351  45055303, -98754048
810: 144787545  47661440, -97126105
811: 144679398  45466179, -99213219
812: 145072342  46070334, -99002008
813: 146148613  45659329, -100489284
814: 147268619  46183083, -101085536
815: 146148499  44703110, -101445389
816: 146493824  45251041, -101242783
817: 146930217  44865381, -102064836
818: 147232433  45490711, -101741722
819: 147322147  46191652, -101130495
820: 148097633  45345167, -102752466
821: 148431634  45340240, -103091394
822: 148663566  45889732, -102773834
823: 149098197  46648875, -102449322
824: 149621514  47076040, -102545474
825: 150051325  43747854, -106303471
826: 150237009  44410532, -105826477
827: 150404270  45179552, -105224718
828: 150711221  45767182, -104944039
829: 151373997  46385448, -104988549
830: 151533401  44773969, -106759432
831: 151796426  45350275, -106446151
832: 152204918  45995710, -106209208
833: 152681734  46739928, -105941806
834: 153065497  46337670, -106727827
835: 153910464  45749465, -108160999
836: 153874312  46551738, -107322574
837: 154379352  47262323, -107117029
838: 154707129  46789245, -107917884
839: 154760478  47698772, -107061706
840: 155364510  46841548, -108522962
841: 155604399  47273197, -108331202
842: 156040719  47108250, -108932469
843: 156299332  47797500, -108501832
844: 156869624  48302800, -108566824
845: 157188736  47442400, -109746336
846: 160417028  48033700, -112383328
847: 159224784  48463609, -110761175
848: 158679146  48935730, -109743416
849: 159158410  49990622, -109167788
850: 159600810  46034974, -113565836
851: 161476244  46497117, -114979127
852: 159651273  47312517, -112338756
853: 159992064  48142648, -111849416
854: 160412519  48778808, -111633711
855: 160599913  46842518, -113757395
856: 161593090  47714370, -113878720
857: 161751023  48168556, -113582467
858: 161930293  48826731, -113103562
859: 162613416  48501656, -114111760
860: 162828058  48726267, -114101791
861: 163422339  48685202, -114737137
862: 163560420  49486942, -114073478
863: 163707705  49065153, -114642552
864: 164262771  49289381, -114973390
865: 164536603  49001827, -115534776
866: 164915973  49434382, -115481591
867: 165287477  49216746, -116070731
868: 166099475  50134782, -115964693
869: 165991767  50644484, -115347283
870: 166550992  50067696, -116483296
871: 167381292  49872644, -117508648
872: 167150833  50216870, -116933963
873: 167870004  51024698, -116845306
874: 168174873  51410747, -116764126
875: 168428883  48051429, -120377454
876: 168878307  48580589, -120297718
877: 169066739  49306805, -119759934
878: 171500530  50222162, -121278368
879: 169724015  50674717, -119049298
880: 170534344  49116793, -121417551
881: 170613156  49601122, -121012034
882: 170983635  50231734, -120751901
883: 171528338  50942875, -120585463
884: 171794342  50453948, -121340394
885: 174352456  50212388, -124140068
886: 172494154  50883634, -121610520
887: 172994200  51789795, -121204405
888: 173520839  50949364, -122571475
889: 173736966  51712997, -122023969
890: 174266714  51264322, -123002392
891: 174524859  52047225, -122477634
892: 177277526  51913001, -125364525
893: 175096429  52302350, -122794079
894: 175716289  52959298, -122756991
895: 176082669  52098966, -123983703
896: 176442873  51844398, -124598475
897: 177093270  52446795, -124646475
898: 177562968  53227152, -124335816
899: 180383956  53768286, -126615670
900: 178642707  50975247, -127667460
901: 179321363  50819004, -128502359
902: 178783824  51848731, -126935093
903: 179087638  52633904, -126453734
904: 180252322  52781847, -127470475
905: 179970718  51205361, -128765357
906: 180633718  51900352, -128733366
907: 180706006  52558794, -128147212
908: 181410650  53349092, -128061558
909: 181570419  52996303, -128574116
910: 182237499  52557443, -129680056
911: 182418485  53220070, -129198415
912: 185310756  54027557, -131283199
913: 183342597  53161105, -130181492
914: 183966622  54456705, -129509917
915: 183972788  53291531, -130681257
916: 184519971  54216610, -130303361
917: 187694726  53912155, -133782571
918: 185265709  54387192, -130878517
919: 188033247  55164190, -132869057
920: 185937391  54306510, -131630881
921: 186828706  54029007, -132799699
922: 186798132  54779563, -132018569
923: 187159106  55741005, -131418101
924: 187818479  55805930, -132012549
925: 187847999  52463244, -135384755
926: 188437131  53267783, -135169348
927: 188968514  53882753, -135085761
928: 189365388  54617273, -134748115
929: 189800541  55202982, -134597559
930: 191999551  53629007, -138370544
931: 190581217  54298383, -136282834
932: 191106468  57182950, -133923518
933: 192292224  55852013, -136440211
934: 192370927  55560068, -136810859
935: 192275357  54633116, -137642241
936: 195088274  55914519, -139173755
937: 192939441  56134188, -136805253
938: 193499195  55562293, -137936902
939: 193918501  55969330, -137949171
940: 194224143  55946085, -138278058
941: 195065733  56578570, -138487163
942: 195216360  55923883, -139292477
943: 195634763  56555064, -139079699
944: 195737086  57238989, -138498097
945: 196545650  56713353, -139832297
946: 196682692  56473363, -140209329
947: 197092222  56892654, -140199568
948: 197715691  57727067, -139988624
949: 197925402  58146218, -139779184
950: 198180381  54622699, -143557682
951: 198809789  55066753, -143743036
952: 199192658  56220798, -142971860
953: 201509779  57005403, -144504376
954: 200071458  57382638, -142688820
955: 200741196  55650816, -145090380
956: 201247033  56244204, -145002829
957: 201206280  57062296, -144143984
958: 201752136  57791081, -143961055
959: 205384238  57288495, -148095743
960: 202527058  56516360, -146010698
961: 202910935  57628389, -145282546
962: 203581648  58339289, -145242359
963: 204194271  57892469, -146301802
964: 204266062  58547472, -145718590
965: 208031119  57851928, -150179191
966: 205301179  59324159, -145977020
967: 205799865  58099056, -147700809
968: 205896388  58918488, -146977900
969: 206647667  59837271, -146810396
970: 206722302  58954059, -147768243
971: 210350441  58406459, -151943982
972: 207726495  59078666, -148647829
973: 208111954  59923828, -148188126
974: 208461921  60738806, -147723115
975: 209284467  56780872, -152503595
976: 209475337  57767603, -151707734
977: 211058001  58296473, -152761528
978: 210221617  59235589, -150986028
979: 210796045  59680299, -151115746
980: 210835455  58032655, -152802800
981: 211460649  58538507, -152922142
982: 211869959  59509790, -152360169
983: 212249954  60364574, -151885380
984: 212639996  59507197, -153132799
985: 212911444  59343730, -153567714
986: 213507809  59891777, -153616032
987: 214395085  60723651, -153671434
988: 216605500  60192148, -156413352
989: 214776580  60692260, -154084320
990: 215245799  60356556, -154889243
991: 215817092  61158582, -154658510
992: 217875589  62144155, -155731434
993: 216883257  61231773, -155651484
994: 217211222  62266902, -154944320
995: 217502360  61234355, -156268005
996: 218137476  60832305, -157305171
997: 219209841  61557174, -157652667
998: 222803199  62493226, -160309973
999: 219288077  63099363, -156188714
1000: 219735539  59425301, -160310238
1001: 220207952  59916994, -160290958
1002: 220690241  60948832, -159741409
1003: 220744885  61410123, -159334762
1004: 221753796  62301426, -159452370
1005: 221971020  60679515, -161291505
1006: 222465034  61150518, -161314516
1007: 222897909  61689086, -161208823
1008: 223126792  62626283, -160500509
1009: 225784273  62359053, -163425220
1010: 224056157  61577620, -162478537
1011: 224550296  62191809, -162358487
1012: 224779595  63032240, -161747355
1013: 225622539  62778080, -162844459
1014: 226179381  63331949, -162847432
1015: 226392023  62690635, -163701388
1016: 226563488  63552846, -163010642
1017: 227201603  62758656, -164442947
1018: 227519315  63659592, -163859723
1019: 227977099  64466250, -163510849
1020: 230371335  63972146, -166399189
1021: 228923668  63458201, -165465467
1022: 229580583  64294857, -165285726
1023: 229724311  64845062, -164879249
1024: 230210409  65374489, -164835920
1025: 232955564  62120437, -170835127
1026: 231263030  62382197, -168880833
1027: 231711970  63270286, -168441684
1028: 232199857  64070150, -168129707
1029: 235401431  64723369, -170678062
1030: 233030971  62833368, -170197603
1031: 233352894  63681382, -169671512
1032: 234011264  64482863, -169528401
1033: 234561843  65271550, -169290293
1034: 237280050  64811564, -172468486
1035: 235290753  64222720, -171068033
1036: 236063987  64734807, -171329180
1037: 236006988  65510849, -170496139
1038: 237072771  65133566, -171939205
1039: 237019012  65838366, -171180646
1040: 237695498  65313909, -172381589
1041: 238291797  66049746, -172242051
1042: 238706253  65497738, -173208515
1043: 239327622  66185380, -173142242
1044: 239574749  66508475, -173066274
1045: 244230394  67034554, -177195840
1046: 240368582  65958146, -174410436
1047: 240648471  66378076, -174270395
1048: 241560503  67504951, -174055552
1049: 241835659  68208487, -173627172
1050: 244403328  64213354, -180189974
1051: 242432694  64743089, -177689605
1052: 242981639  65860392, -177121247
1053: 243664165  66439693, -177224472
1054: 244093595  67345425, -176748170
1055: 244709011  65490630, -179218381
1056: 244848285  65923485, -178924800
1057: 245527388  66974862, -178552526
1058: 246194443  67743894, -178450549
1059: 246536016  67231819, -179304197
1060: 247205642  66754758, -180450884
1061: 247141154  67332604, -179808550
1062: 247798944  68264134, -179534810
1063: 248291975  67628551, -180663424
1064: 248611478  70331984, -178279494
1065: 249439064  67725577, -181713487
1066: 249570163  68422451, -181147712
1067: 250066484  68028051, -182038433
1068: 250695849  68966856, -181728993
1069: 253476669  69478759, -183997910
1070: 251608209  68811204, -182797005
1071: 252039746  68531217, -183508529
1072: 252490112  69301814, -183188298
1073: 252969712  72274711, -180695001
1074: 253801795  70820710, -182981085
1075: 254055514  66656694, -187398820
1076: 254382732  67421612, -186961120
1077: 254577088  68023955, -186553133
1078: 257433999  69117272, -188316727
1079: 255965635  69902919, -186062716
1080: 256179704  67775226, -188404478
1081: 256752144  68754669, -187997475
1082: 257377431  69154585, -188222846
1083: 260960083  70380057, -190580026
1084: 258136560  69698029, -188438531
1085: 258616435  69265538, -189350897
1086: 259138803  70050270, -189088533
1087: 259376042  70560512, -188815530
1088: 260260777  70222556, -190038221
1089: 260280419  70777239, -189503180
1090: 261375528  70527505, -190848023
1091: 261487743  71150997, -190336746
1092: 263972423  70545428, -193426995
1093: 262397180  71410509, -190986671
1094: 263167888  71899737, -191268151
1095: 263420004  71525030, -191894974
1096: 263958899  71076772, -192882127
1097: 264334543  71960866, -192373677
1098: 265186627  72565078, -192621549
1099: 265226518  73507031, -191719487
1100: 266116617  69334100, -196782517
1101: 268563622  69937386, -198626236
1102: 267003615  71103870, -195899745
1103: 269450350  72608012, -196842338
1104: 268040267  73171780, -194868487
1105: 271210172  70165055, -201045117
1106: 268771909  71281790, -197490119
1107: 269620572  72172945, -197447627
1108: 269914592  72554358, -197360234
1109: 270173167  72087845, -198085322
1110: 270685818  71705420, -198980398
1111: 270928025  72673964, -198254061
1112: 271506625  73302121, -198204504
1113: 272003269  72981445, -199021824
1114: 272877028  73401040, -199475988
1115: 275697097  73273804, -202423293
1116: 291015088  78548746, -212466342
1117: 273997328  73297393, -200699935
1118: 274575094  73898977, -200676117
1119: 276753700  74985391, -201768309
1120: 275701520  74047215, -201654305
1121: 275970483  73548351, -202422132
1122: 278201700  74306239, -203895461
1123: 277282827  75137585, -202145242
1124: 277595171  75556834, -202038337
1125: 279306379  71713511, -207592868
1126: 278794643  72580129, -206214514
1127: 279056541  73408194, -205648347
1128: 281057793  74650762, -206407031
1129: 280136340  75028108, -205108232
1130: 280330234  73174449, -207155785
1131: 282814908  74008980, -208805928
1132: 282138118  74593522, -207544596
1133: 281743798  75310317, -206433481
1134: 285322251  75037373, -210284878
1135: 282961593  74282222, -208679371
1136: 283358194  75197979, -208160215
1137: 286757803  75824385, -210933418
1138: 284620256  75689277, -208930979
1139: 285142000  76228520, -208913480
1140: 287107454  75674454, -211433000
1141: 285982680  77128466, -208854214
1142: 286648485  75900572, -210747913
1143: 287680764  76417558, -211263206
1144: 287744611  78835874, -208908737
1145: 287729771  76616764, -211113007
1146: 288161006  76098952, -212062054
1147: 291303803  76904762, -214399041
1148: 289355849  77730783, -211625066
1149: 289841951  78558582, -211283369
1150: 293140948  74773938, -218367010
1151: 291175007  75331654, -215843353
1152: 291720801  76015418, -215705383
1153: 294634384  76907097, -217727287
1154: 292837075  80067530, -212769545
1155: 292817635  75526637, -217290998
1156: 293863129  76303073, -217560056
1157: 297009190  77416244, -219592946
1158: 294911496  77967331, -216944165
1159: 294935572  77503094, -217432478
1160: 297198626  76722111, -220476515
1161: 295943137  77845915, -218097222
1162: 296544152  78583750, -217960402
1163: 298864843  78137774, -220727069
1164: 298030898  80219830, -217811068
1165: 298255551  78324983, -219930568
1166: 298587964  78786225, -219801739
1167: 300793077  78234065, -222559012
1168: 299627492  79340592, -220286900
1169: 299813462  80100627, -219712835
1170: 301836730  79573717, -222263013
1171: 302801186  79629853, -223171333
1172: 302146507  79575435, -222571072
1173: 302349736  80789842, -221559894
1174: 304631850  81338957, -223292893
1175: 303123254  77103529, -226019725
1176: 303664419  77799911, -225864508
1177: 304810377  78844995, -225965382
1178: 306451185  79951761, -226499424
1179: 305454901  80469914, -224984987
1180: 305783937  78206516, -227577421
1181: 308351093  79106923, -229244170
1182: 308566723  80535982, -228030741
1183: 307539879  80938003, -226601876
1184: 307748586  80445565, -227303021
1185: 310902088  79736188, -231165900
1186: 309049858  81956812, -227093046
1187: 311847099  82787853, -229059246
1188: 313516992  80902725, -232614267
1189: 313371274  81492167, -231879107
1190: 313507858  89134002, -224373856
1191: 312689008  82018618, -230670390
1192: 313407915  81098792, -232309123
1193: 315225783  82928991, -232296792
1194: 314332174  84035356, -230296818
1195: 317970114  86564894, -231405220
1196: 318868629  84458250, -234410379
1197: 320797443  82633987, -238163456
1198: 316605642  86311692, -230293950
1199: 316407243  84155617, -232251626
1200: 317177440  80426051, -236751389
1201: 319991004  81128399, -238862605
1202: 323970462  83250621, -240719841
1203: 317722268  82317864, -235404404
1204: 318035024  82946234, -235088790
1205: 321510093  80717839, -240792254
1206: 321622161  82128577, -239493584
1207: 320300309  82680654, -237619655
1208: 320365950  83518813, -236847137
1209: 322743403  87324962, -235418441
1210: 323679635  82520350, -241159285
1211: 322244195  83855164, -238389031
1212: 322400089  84174561, -238225528
1213: 323178121  84747593, -238430528
1214: 329194156  84689706, -244504450
1215: 324341494  85896461, -238445033
1216: 325075920  84617574, -240458346
1217: 325190868  84244294, -240946574
1218: 327505567  85091320, -242414247
1219: 328493265  85712409, -242780856
1220: 327367543  85128508, -242239035
1221: 327315863  84515458, -242800405
1222: 328161556  85469496, -242692060
1223: 332842410  86842808, -245999602
1224: 329232242  88999278, -240232964
1225: 329484740  82680521, -246804219
1226: 330332137  83222252, -247109885
1227: 332334150  84442787, -247891363
1228: 335996430  87077446, -248918984
1229: 334147153  87792478, -246354675
1230: 335175347  84169277, -251006070
1231: 334875220  85774083, -249101137
1232: 336666804  85646102, -251020702
1233: 337012806  87057216, -249955590
1234: 336400361  86990779, -249409582
1235: 338064342  86211596, -251852746
1236: 339739780  86795769, -252944011
1237: 338851035  88140129, -250710906
1238: 339661365  87500757, -252160608
1239: 339403204  89519666, -249883538
1240: 338056367  86565476, -251490891
1241: 338181309  87394258, -250787051
1242: 340254413  87090050, -253164363
1243: 341653642  87953889, -253699753
1244: 340221155  91867880, -248353275
1245: 340594856  87832683, -252762173
1246: 341122279  87383025, -253739254
1247: 341749371  88296084, -253453287
1248: 343693475  89234089, -254459386
1249: 344263817  90434288, -253829529
1250: 343418987  86081353, -257337634
1251: 344013103  86298066, -257715037
1252: 344268854  87229686, -257039168
1253: 346697986  88111532, -258586454
1254: 347306488  89158953, -258147535
1255: 346002592  87361248, -258641344
1256: 346648278  87619126, -259029152
1257: 347234876  88360100, -258874776
1258: 347657478  89597840, -258059638
1259: 349910435  88939506, -260970929
1260: 350292424  88517301, -261775123
1261: 349867691  89520891, -260346800
1262: 350022325  90620061, -259402264
1263: 350252607  89899187, -260353420
1264: 351600479  75146818, -276453661
1265: 353457796  89613365, -263844431
1266: 353856662  91074903, -262781759
1267: 352590563  89988401, -262602162
1268: 353734546  75813452, -277921094
1269: 353618549  76822320, -276796229
1270: 356334356  91041444, -265292912
1271: 356832821  90824666, -266008155
1272: 358107785  76306789, -281800996
1273: 355712958  77489530, -278223428
1274: 356606867  78508017, -278098850
1275: 356885347  83481704, -273403643
1276: 359535063  74178242, -285356821
1277: 360570478  75434305, -285136173
1278: 360983551  77023844, -283959707
1279: 359499702  77733146, -281766556
1280: 360178597  69806398, -290372199
1281: 360256802  70662620, -289594182
1282: 362339789  71894818, -290444971
1283: 363792523  73000467, -290792056
1284: 364274822  70763313, -293511509
1285: 362570225  71105453, -291464772
1286: 363444086  72544112, -290899974
1287: 363709527  73467054, -290242473
1288: 364390733  71441621, -292949112
1289: 367297669  72356979, -294940690
1290: 368511680  72907912, -295603768
1291: 365785123  76286033, -289499090
1292: 366779037  72119109, -294659928
1293: 367130288  72689003, -294441285
1294: 367748315  74017608, -293730707
1295: 370236372  73600519, -296635853
1296: 370396416  72366014, -298030402
1297: 371879991  73476254, -298403737
1298: 369925373  74826434, -295098939
1299: 370593078  75757659, -294835419
1300: 371176480  70060758, -301115722
1301: 371448660  70571923, -300876737
1302: 374957159  72370991, -302586168
1303: 375177236  73391736, -301785500
1304: 375462097  74050040, -301412057
1305: 374352533  71381145, -302971388
1306: 374598150  72640080, -301958070
1307: 375094551  73749772, -301344779
1308: 375517603  74957727, -300559876
1309: 377575808  72871430, -304704378
1310: 378818821  73290810, -305528011
1311: 379345702  74171557, -305174145
1312: 377969190  77170541, -300798649
1313: 378329744  73612081, -304717663
1314: 378955948  74366015, -304589933
1315: 380094513  75041429, -305053084
1316: 380396705  75663981, -304732724
1317: 383865739  74586701, -309279038
1318: 384161804  75414760, -308747044
1319: 386555838  76108402, -310447436
1320: 384322979  76238552, -308084427
1321: 383759516  74474290, -309285226
1322: 384209421  75399463, -308809958
1323: 384572454  76831094, -307741360
1324: 385437447  77749452, -307687995
1325: 386050779  72329936, -313720843
1326: 388321678  73315626, -315006052
1327: 388687589  74432724, -314254865
1328: 389281368  75931042, -313350326
1329: 390039233  77849968, -312189265
1330: 388550903  73571291, -314979612
1331: 389561065  75231319, -314329746
1332: 389911332  76419162, -313492170
1333: 390791042  77863402, -312927640
1334: 390530734  75016976, -315513758
1335: 391943091  75662395, -316280696
1336: 393959418  76939929, -317019489
1337: 394533895  78245968, -316287927
1338: 394804214  75981157, -318823057
1339: 395324780  76495118, -318829662
1340: 396451494  79130529, -317320965
1341: 395093158  78593408, -316499750
1342: 395608994  76623642, -318985352
1343: 396419335  77411580, -319007755
1344: 397563081  78396593, -319166488
1345: 397904998  79282600, -318622398
1346: 399538665  77623329, -321915336
1347: 401441882  78562672, -322879210
1348: 402168158  79328309, -322839849
1349: 403258211  81301971, -321956240
1350: 403439770  74604021, -328835749
1351: 404445673  75350601, -329095072
1352: 401995965  79975253, -322020712
1353: 402703173  78096950, -324606223
1354: 402496568  80160899, -322335669
1355: 403214653  76302725, -326911928
1356: 404058563  77105775, -326952788
1357: 404539784  78334323, -326205461
1358: 405070175  80592609, -324477566
1359: 406684711  78132104, -328552607
1360: 407340158  77761396, -329578762
1361: 408846827  78975223, -329871604
1362: 409013188  81110972, -327902216
1363: 409217467  77930450, -331287017
1364: 410479613  78498021, -331981592
1365: 410691961  80800877, -329891084
1366: 411765436  82205222, -329560214
1367: 411270198  79931195, -331339003
1368: 411325181  81393914, -329931267
1369: 411603476  81798058, -329805418
1370: 412704136  82822355, -329881781
1371: 412792783  80837405, -331955378
1372: 413707077  81161078, -332545999
1373: 413858414  83429945, -330428469
1374: 414746819  84807975, -329938844
1375: 415653214  76592012, -339061202
1376: 416342194  77408218, -338933976
1377: 416366330  79292178, -337074152
1378: 417065941  81140334, -335925607
1379: 417557035  82055575, -335501460
1380: 419910163  78239436, -341670727
1381: 420317786  79448412, -340869374
1382: 421524027  81795204, -339728823
1383: 422368290  82612329, -339755961
1384: 423463414  78998789, -344464625
1385: 423335574  81239946, -342095628
1386: 424725152  83232986, -341492166
1387: 425117459  84102596, -341014863
1388: 425535177  80583596, -344951581
1389: 426346565  81754349, -344592216
1390: 426890376  84087959, -342802417
1391: 427870708  85334108, -342536600
1392: 427910585  82251965, -345658620
1393: 427501507  84084462, -343417045
1394: 427349663  86776837, -340572826
1395: 427243857  86880316, -340363541
1396: 428115195  84162891, -343952304
1397: 428614622  87098799, -341515823
1398: 429171744  89245366, -339926378
1399: 429686042  89955447, -339730595
1400: 430769730  79556983, -351212747
1401: 431604088  79900202, -351703886
1402: 431942976  81806685, -350136291
1403: 431821060  83143823, -348677237
1404: 432896391  83915771, -348980620
1405: 433355594  81063944, -352291650
1406: 434484158  82599983, -351884175
1407: 435253891  84501613, -350752278
1408: 435747352  84756977, -350990375
1409: 435846351  82491029, -353355322
1410: 436742987  84311881, -352431106
1411: 437287864  85674357, -351613507
1412: 438089837  86949599, -351140238
1413: 438803912  85444687, -353359225
1414: 439410929  87391171, -352019758
1415: 439416770  87719729, -351697041
1416: 440512122  88746560, -351765562
1417: 441186700  86896073, -354290627
1418: 441865013  88378178, -353486835
1419: 443161628  88785121, -354376507
1420: 445620395  87036325, -358584070
1421: 444940242  85192734, -359747508
1422: 446202219  86735756, -359466463
1423: 446990311  88408665, -358581646
1424: 447446551  88226303, -359220248
1425: 448329646  82380549, -365949097
1426: 448523991  83695779, -364828212
1427: 449307109  85226002, -364081107
1428: 451691208  86981001, -364710207
1429: 451342184  88096003, -363246181
1430: 454537632  85406172, -369131460
1431: 451810743  85923529, -365887214
1432: 453461206  87274101, -366187105
1433: 452730964  88580827, -364150137
1434: 452942370  90479322, -362463048
1435: 452926711  87207882, -365718829
1436: 453122390  87911984, -365210406
1437: 453452988  89008219, -364444769
1438: 453933375  87598942, -366334433
1439: 454530765  88283036, -366247729
1440: 455239878  87582526, -367657352
1441: 455703695  89602135, -366101560
1442: 456944378  87931050, -369013328
1443: 457105259  89452319, -367652940
1444: 458349678  90024073, -368325605
1445: 459349440  91710221, -367639219
1446: 460336165  89354532, -370981633
1447: 462455478  89540675, -372914803
1448: 462407950  90513372, -371894578
1449: 463757932  92209736, -371548196
1450: 464034117  86252208, -377781909
1451: 464576961  87104512, -377472449
1452: 465064126  88544764, -376519362
1453: 467024594  89580632, -377443962
1454: 466257988  92589269, -373668719
