8:     12882     14523,      1641
9:     12379     11693,      -686
10:     13621     13445,      -176
11:     15509     15353,      -156
12:     17448     17161,      -287
13:     19716     19422,      -294
14:     21637     21436,      -201
15:     24070     24119,        49
16:     26487     25940,      -547
17:     30055     29780,      -275
18:     31656     31194,      -462
19:     34474     32643,     -1831
20:     36732     35938,      -794
21:     37485     37089,      -396
22:     40855     40548,      -307
23:     43465     43392,       -73
24:     46178     45448,      -730
25:     48818     48342,      -476
26:     51868     51333,      -535
27:     55274     54735,      -539
28:     58018     56795,     -1223
29:     62226     61767,      -459
30:     68309     67588,      -721
31:     72585     72066,      -519
32:     74748     73678,     -1070
33:     78091     78083,        -8
34:     81388     80746,      -642
35:     85786     86100,       314
36:     89409     88832,      -577
37:     92897     93344,       447
38:     95918     95455,      -463
39:     99769     99058,      -711
40:    103085    102034,     -1051
41:    109191    107606,     -1585
42:    115470    111954,     -3516
43:    117409    116835,      -574
44:    137240    139434,      2194
45:    141600    141004,      -596
46:    154185    162672,      8487
47:    143983    141602,     -2381
48:    149877    156353,      6476
49:    156797    154816,     -1981
50:    157081    156193,      -888
51:    176894    173487,     -3407
52:    164687    164890,       203
53:    171557    170487,     -1070
54:    177107    175628,     -1479
55:    186232    196274,     10042
56:    193350    191162,     -2188
57:    195900    194548,     -1352
58:    201899    200611,     -1288
59:    211601    210965,      -636
60:    217656    231022,     13366
61:    221059    220174,      -885
62:    232173    231397,      -776
63:    239251    238704,      -547
64:    254611    252228,     -2383
65:    253554    252035,     -1519
66:    260277    259523,      -754
67:    263854    262571,     -1283
68:    269115    268394,      -721
69:    278204    293258,     15054
70:    285797    284966,      -831
71:    290306    289489,      -817
72:    297270    297287,        17
73:    305379    304995,      -384
74:    313621    319662,      6041
75:    324573    324745,       172
76:    329983    329337,      -646
77:    339836    338932,      -904
78:    346523    346071,      -452
79:    354039    353443,      -596
80:    362175    361247,      -928
81:    365598    364255,     -1343
82:    372479    371688,      -791
83:    381926    389664,      7738
84:    409218    409782,       564
85:    402766    408248,      5482
86:    409757    406283,     -3474
87:    418488    417562,      -926
88:    445083    427448,    -17635
89:    435787    434183,     -1604
90:    446499    444779,     -1720
91:    455762    454607,     -1155
92:    467455    466443,     -1012
93:    479181    474501,     -4680
94:    493390    492965,      -425
95:    495962    493619,     -2343
96:    511877    502104,     -9773
97:    515153    513121,     -2032
98:    522671    521775,      -896
99:    538671    537819,      -852
100:    543225    557499,     14274
101:    552404    550263,     -2141
102:    563046    564491,      1445
103:    574008    571758,     -2250
104:    587832    581751,     -6081
105:    595307    599543,      4236
106:    605233    603047,     -2186
107:    615948    613282,     -2666
108:    627101    623835,     -3266
109:    639713    637130,     -2583
110:    656961    648385,     -8576
111:    658478    660003,      1525
112:    668516    675340,      6824
113:    680998    677768,     -3230
114:    689196    684608,     -4588
115:    700898    697104,     -3794
116:    710490    708266,     -2224
117:    720099    716686,     -3413
118:    730920    727388,     -3532
119:    748276    745963,     -2313
120:    756461    757096,       635
121:    776305    769789,     -6516
122:    786633    784423,     -2210
123:    798944    798703,      -241
124:    809983    814026,      4043
125:    822116    821269,      -847
126:    840735    830443,    -10292
127:    851580    850512,     -1068
128:    860663    860084,      -579
129:    875883    875408,      -475
130:    882993    879195,     -3798
131:    899380    899366,       -14
132:    921223    911827,     -9396
133:    920468    928703,      8235
134:    929877    925739,     -4138
135:    947788    957789,     10001
136:    963789    970820,      7031
137:    975969    975164,      -805
138:    987484    994775,      7291
139:   1004701   1010679,      5978
140:   1020835   1021292,       457
141:   1034446   1026116,     -8330
142:   1041655   1036054,     -5601
143:   1054880   1064729,      9849
144:   1066828   1066700,      -128
145:   1083568   1089130,      5562
146:   1090657   1087731,     -2926
147:   1104604   1104969,       365
148:   1120686   1117491,     -3195
149:   1135902   1150409,     14507
150:   1151773   1146920,     -4853
151:   1161630   1163369,      1739
152:   1180327   1175438,     -4889
153:   1198348   1186209,    -12139
154:   1211832   1200151,    -11681
155:   1227998   1224066,     -3932
156:   1240279   1217298,    -22981
157:   1254156   1244200,     -9956
158:   1269208   1268517,      -691
159:   1298998   1281692,    -17306
160:   1300729   1280905,    -19824
161:   1316583   1367574,     50991
162:   1327457   1309135,    -18322
163:   1351631   1309928,    -41703
164:   1367104   1341624,    -25480
165:   1375577   1356445,    -19132
166:   1382330   1365830,    -16500
167:   1404230   1370697,    -33533
168:   1415269   1369172,    -46097
169:   1437319   1383342,    -53977
170:   1454024   1413072,    -40952
171:   1478079   1418457,    -59622
172:   1482805   1430295,    -52510
173:   1499256   1444683,    -54573
174:   1515809   1472306,    -43503
175:   1537986   1493403,    -44583
176:   1555055   1502450,    -52605
177:   1570206   1525531,    -44675
178:   1578423   1534774,    -43649
179:   1586256   1542653,    -43603
180:   1610213   1563828,    -46385
181:   1625725   1575122,    -50603
182:   1647867   1585519,    -62348
183:   1665064   1604488,    -60576
184:   1674100   1636457,    -37643
185:   1693532   1652356,    -41176
186:   1708748   1666181,    -42567
187:   1727314   1688599,    -38715
188:   1736894   1692966,    -43928
189:   1755915   1711161,    -44754
190:   1786908   1720696,    -66212
191:   1793497   1756398,    -37099
192:   1805344   1769917,    -35427
193:   1834014   1777582,    -56432
194:   1843870   1816243,    -27627
195:   1866418   1793996,    -72422
196:   1873097   1821230,    -51867
197:   1898263   1872266,    -25997
198:   1909442   1846808,    -62634
199:   1950555   1927805,    -22750
200:   1949120   1883664,    -65456
201:   1980734   1899369,    -81365
202:   1989707   1936100,    -53607
203:   2003110   1961743,    -41367
204:   2029571   1923909,   -105662
205:   2049931   1952462,    -97469
206:   2064227   1983688,    -80539
207:   2078459   1973422,   -105037
208:   2097858   2009283,    -88575
209:   2115820   2058509,    -57311
210:   2132333   2011677,   -120656
211:   2153500   2094414,    -59086
212:   2165595   2082867,    -82728
213:   2184768   2081445,   -103323
214:   2207633   2115408,    -92225
215:   2274132   2159660,   -114472
216:   2244637   2102980,   -141657
217:   2270976   2130602,   -140374
218:   2284121   2183115,   -101006
219:   2318501   2182101,   -136400
220:   2321402   2184852,   -136550
221:   2347956   2236776,   -111180
222:   2363659   2225643,   -138016
223:   2432394   2271774,   -160620
224:   2415745   2354382,    -61363
225:   2437543   2291120,   -146423
226:   2442999   2332013,   -110986
227:   2495194   2352172,   -143022
228:   2485682   2320758,   -164924
229:   2502586   2368709,   -133877
230:   2529337   2391661,   -137676
231:   2542598   2395742,   -146856
232:   2564648   2404007,   -160641
233:   2597008   2459588,   -137420
234:   2614594   2415519,   -199075
235:   2629216   2465811,   -163405
236:   2641801   2524135,   -117666
237:   2666245   2497436,   -168809
238:   2690441   2524876,   -165565
239:   2742189   2570622,   -171567
240:   2723232   2505884,   -217348
241:   2761182   2594912,   -166270
242:   2768863   2609400,   -159463
243:   2811717   2611539,   -200178
244:   2816235   2617726,   -198509
245:   2841822   2670610,   -171212
246:   2860823   2626455,   -234368
247:   2893432   2660265,   -233167
248:   2909885   2690569,   -219316
249:   2937713   2691202,   -246511
250:   2948732   2705738,   -242994
251:   2966732   2763557,   -203175
252:   2999662   2749985,   -249677
253:   3011820   2768948,   -242872
254:   3037991   2817029,   -220962
255:   3058018   2784824,   -273194
256:  10681736   3172769,  -7508967
257:  10827171   3289133,  -7538038
258:  10813745   3302275,  -7511470
259:  10900745   3418790,  -7481955
260:  10980266   3184591,  -7795675
261:  11070313   3241218,  -7829095
262:  11168146   3368676,  -7799470
263:  11290764   3389561,  -7901203
264:  11363153   3447400,  -7915753
265:  11467290   3302578,  -8164712
266:  11498146   3331339,  -8166807
267:  11580046   3462867,  -8117179
268:  11702154   3493891,  -8208263
269:  11777873   3593786,  -8184087
270:  11924361   3346270,  -8578091
271:  11932167   3452596,  -8479571
272:  12058790   3497326,  -8561464
273:  12106751   3573701,  -8533050
274:  12225252   3596366,  -8628886
275:  12256374   3499247,  -8757127
276:  12391955   3625439,  -8766516
277:  12555687   3657892,  -8897795
278:  12619170   3664047,  -8955123
279:  12678394   3753203,  -8925191
280:  12743646   3582668,  -9160978
281:  12811699   3619165,  -9192534
282:  12912601   3686909,  -9225692
283:  13032400   3766615,  -9265785
284:  13070286   3883563,  -9186723
285:  13184025   3671449,  -9512576
286:  13277087   3713061,  -9564026
287:  13405533   3806476,  -9599057
288:  13434892   3876086,  -9558806
289:  13601259   3980549,  -9620710
290:  13625541   3741476,  -9884065
291:  13755197   3836260,  -9918937
292:  13813282   3903578,  -9909704
293:  13922346   3979245,  -9943101
294:  14012223   4008681, -10003542
295:  14090728   3874671, -10216057
296:  14315947   3934030, -10381917
297:  14364328   4066569, -10297759
298:  14384256   4084768, -10299488
299:  14470751   4243993, -10226758
300:  14555611   3918367, -10637244
301:  14724419   4067771, -10656648
302:  14763410   4119527, -10643883
303:  14863239   4211274, -10651965
304:  14944742   4258921, -10685821
305:  15119015   4101888, -11017127
306:  15141654   4115779, -11025875
307:  15252586   4298752, -10953834
308:  15418702   4372022, -11046680
309:  15596686   4429294, -11167392
310:  15571623   4181151, -11390472
311:  15629380   4254120, -11375260
312:  15774402   4368993, -11405409
313:  15873434   4400747, -11472687
314:  16025349   4514483, -11510866
315:  16126001   4320676, -11805325
316:  16163778   4353819, -11809959
317:  16265850   4511857, -11753993
318:  16396541   4560121, -11836420
319:  16543988   4626750, -11917238
320:  16606313   4407321, -12198992
321:  16671032   4428476, -12242556
322:  16830919   4533092, -12297827
323:  16881742   4618107, -12263635
324:  16970148   4672006, -12298142
325:  17161863   4545579, -12616284
326:  17272232   4554966, -12717266
327:  17290838   4684756, -12606082
328:  17392691   4793948, -12598743
329:  17533846   4861551, -12672295
330:  17667318   4599688, -13067630
331:  17772730   4656039, -13116691
332:  17811315   4765677, -13045638
333:  17996917   4821042, -13175875
334:  18030387   4932512, -13097875
335:  18245100   4787401, -13457699
336:  18238747   4785185, -13453562
337:  18375698   4927588, -13448110
338:  18467980   4983647, -13484333
339:  18582156   5111749, -13470407
340:  18698811   4832684, -13866127
341:  18804228   4873865, -13930363
342:  18998321   4966235, -14032086
343:  19102408   5061864, -14040544
344:  19202641   5230767, -13971874
345:  19404068   5098121, -14305947
346:  19542064   5054534, -14487530
347:  19698822   5168451, -14530371
348:  19807365   5272538, -14534827
349:  19947534   5350070, -14597464
350:  20093294   5111929, -14981365
351:  19974369   5109102, -14865267
352:  20246976   5303284, -14943692
353:  20404658   5397826, -15006832
354:  20466514   5411516, -15054998
355:  20622440   5193999, -15428441
356:  20801124   5298319, -15502805
357:  20815994   5381544, -15434450
358:  21026131   5472777, -15553354
359:  20869406   5609046, -15260360
360:  21231631   5295539, -15936092
361:  21266538   5338545, -15927993
362:  21179655   5464333, -15715322
363:  21269725   5512436, -15757289
364:  21448613   5624435, -15824178
365:  21611530   5409125, -16202405
366:  21611116   5430206, -16180910
367:  21752485   5599924, -16152561
368:  21910020   5673934, -16236086
369:  22073746   5762080, -16311666
370:  22143939   5505392, -16638547
371:  22370834   5644271, -16726563
372:  22553420   5777100, -16776320
373:  22718663   5859158, -16859505
374:  22873550   5993621, -16879929
375:  22899312   5687004, -17212308
376:  22896263   5790263, -17106000
377:  23307896   5926714, -17381182
378:  23131728   5946402, -17185326
379:  23240777   6065287, -17175490
380:  23395583   5755031, -17640552
381:  23438543   5865736, -17572807
382:  23756677   6067335, -17689342
383:  23951845   6022043, -17929802
384:  24073150   6159902, -17913248
385:  24205757   5910928, -18294829
386:  24196739   6012348, -18184391
387:  24429794   6143826, -18285968
388:  24511200   6295465, -18215735
389:  24638627   6423204, -18215423
390:  24889379   5989676, -18899703
391:  24627427   6065032, -18562395
392:  24781560   6222447, -18559113
393:  24993098   6559622, -18433476
394:  25037894   6387599, -18650295
395:  25242720   6173140, -19069580
396:  25244905   6201820, -19043085
397:  25628689   6358509, -19270180
398:  25656545   6440625, -19215920
399:  25742282   6580942, -19161340
400:  25756601   6197610, -19558991
401:  26047314   6303281, -19744033
402:  26185954   6440252, -19745702
403:  26178784   6522185, -19656599
404:  26280533   6572082, -19708451
405:  27063404   6412892, -20650512
406:  26560133   6444724, -20115409
407:  26634285   6589675, -20044610
408:  26869738   6658075, -20211663
409:  27216605   6833319, -20383286
410:  27068183   6517700, -20550483
411:  27298951   6549447, -20749504
412:  27463343   6722941, -20740402
413:  27472755   6752828, -20719927
414:  27690907   6831949, -20858958
415:  27759825   6619795, -21140030
416:  28003655   6693849, -21309806
417:  28158413   6809190, -21349223
418:  28318093   6895038, -21423055
419:  28349428   7033789, -21315639
420:  28385264   6758054, -21627210
421:  28555359   6795777, -21759582
422:  28645523   6953286, -21692237
423:  28756845   7030122, -21726723
424:  28975016   7119375, -21855641
425:  29371361   6880037, -22491324
426:  29339402   7032983, -22306419
427:  29361751   7101789, -22259962
428:  29461935   7198002, -22263933
429:  29780295   7310320, -22469975
430:  29763324   7032331, -22730993
431:  30020499   7104921, -22915578
432:  29996593   7272653, -22723940
433:  30168673   7312564, -22856109
434:  30309385   7411837, -22897548
435:  30447665   7184510, -23263155
436:  30618170   7220555, -23397615
437:  30887075   7361148, -23525927
438:  30865370   7474498, -23390872
439:  31077606   7567202, -23510404
440:  31255776   7191693, -24064083
441:  31296762   7344200, -23952562
442:  31431622   7447192, -23984430
443:  31746912   7560867, -24186045
444:  31803021   7662666, -24140355
445:  31883345   7442221, -24441124
446:  31990572   7490960, -24499612
447:  32165310   7650206, -24515104
448:  32294506   7719242, -24575264
449:  32456924   7829296, -24627628
450:  32590161   7596149, -24994012
451:  32705082   7662973, -25042109
452:  32878163   7737106, -25141057
453:  33016226   7819769, -25196457
454:  33175748   7975306, -25200442
455:  33247800   7670134, -25577666
456:  33530018   7821493, -25708525
457:  33706782   7936606, -25770176
458:  34056934   8047435, -26009499
459:  33938347   8121153, -25817194
460:  34046645   7834885, -26211760
461:  34315363   7949304, -26366059
462:  34624841   8083866, -26540975
463:  34782345   8175927, -26606418
464:  34982688   8307823, -26674865
465:  34860835   7990640, -26870195
466:  34966477   8096880, -26869597
467:  35461993   8202917, -27259076
468:  35207603   8337074, -26870529
469:  35508828   8441247, -27067581
470:  35656655   8156260, -27500395
471:  35677209   8216045, -27461164
472:  35803620   8348111, -27455509
473:  36125454   8467564, -27657890
474:  36547960   8569377, -27978583
475:  36642678   8427868, -28214810
476:  36702101   8344901, -28357200
477:  36787816   8546149, -28241667
478:  36970196   8551035, -28419161
479:  37186555   8734295, -28452260
480:  37333434   8432821, -28900613
481:  37537735   8529097, -29008638
482:  37736770   8630239, -29106531
483:  38071920   8777647, -29294273
484:  38067746   8814892, -29252854
485:  38088189   8575524, -29512665
486:  37944915   8650853, -29294062
487:  38037969   8735983, -29301986
488:  38292028   8893629, -29398399
489:  38399586   8953399, -29446187
490:  38636531   8701956, -29934575
491:  38887864   8716220, -30171644
492:  39110640   9051913, -30058727
493:  39058527   8965755, -30092772
494:  39349175   9082783, -30266392
495:  39333680   8822850, -30510830
496:  39714582   9032093, -30682489
497:  39962832   9125617, -30837215
498:  40200952   9222504, -30978448
499:  40287115   9340701, -30946414
500:  40433859   9016265, -31417594
501:  40352902   9060536, -31292366
502:  40504408   9184732, -31319676
503:  40664878   9272244, -31392634
504:  40800072   9324170, -31475902
505:  40965790   9166236, -31799554
506:  41269473   9194688, -32074785
507:  41542919   9349001, -32193918
508:  41492114   9452687, -32039427
509:  41602680   9709732, -31892948
510:  41921665   9258335, -32663330
511:  41948782   9356677, -32592105
512:  42279472   9529931, -32749541
513:  42496322   9738330, -32757992
514:  42693215   9920941, -32772274
515:  43029465   9628656, -33400809
516:  42765931   9492711, -33273220
517:  43058502   9797431, -33261071
518:  43272150   9905811, -33366339
519:  43373889   9980688, -33393201
520:  43513374   9567530, -33945844
521:  43685984   9722152, -33963832
522:  43762376   9885523, -33876853
523:  43964517   9984697, -33979820
524:  44212537  10049857, -34162680
525:  44378387   9830764, -34547623
526:  44585790   9882621, -34703169
527:  44804479  10128248, -34676231
528:  44790421  10151560, -34638861
529:  44981964  10376040, -34605924
530:  45089210  10036445, -35052765
531:  45273559  10075860, -35197699
532:  45686323  10299086, -35387237
533:  45797212  10387029, -35410183
534:  45794881  10463183, -35331698
535:  45908722  10143565, -35765157
536:  46108847  10182968, -35925879
537:  46415186  10575099, -35840087
538:  46457863  10616141, -35841722
539:  46840045  10695478, -36144567
540:  47069401  10304274, -36765127
541:  47121560  10407025, -36714535
542:  47161197  10474507, -36686690
543:  47263015  10664008, -36599007
544:  47570234  10625133, -36945101
545:  47708429  10547053, -37161376
546:  47837129  10561319, -37275810
547:  48039927  10715103, -37324824
548:  48391589  10833689, -37557900
549:  48521830  11003051, -37518779
550:  48666840  10583600, -38083240
551:  48905693  10721843, -38183850
552:  48935483  10856561, -38078922
553:  49071728  11016873, -38054855
554:  49411373  11066334, -38345039
555:  49625524  10721920, -38903604
556:  49572828  10795085, -38777743
557:  49942665  11014986, -38927679
558:  49961904  11136788, -38825116
559:  50113006  11233613, -38879393
560:  50685956  10982484, -39703472
561:  50606952  10935870, -39671082
562:  50855719  11053757, -39801962
563:  51014641  11180634, -39834007
564:  51131873  11240350, -39891523
565:  51329924  11009536, -40320388
566:  51416293  11090793, -40325500
567:  51837115  11426164, -40410951
568:  52088065  11468102, -40619963
569:  52065511  11586126, -40479385
570:  52586980  11124376, -41462604
571:  52701978  11245355, -41456623
572:  52592252  11302270, -41289982
573:  52797669  11508463, -41289206
574:  52911146  11554628, -41356518
575:  52958645  11312199, -41646446
576:  53188382  11309720, -41878662
577:  53600168  11601539, -41998629
578:  53559064  11604518, -41954546
579:  53779652  11868669, -41910983
580:  53929211  11213082, -42716129
581:  54388916  11495150, -42893766
582:  54442914  11569153, -42873761
583:  54499235  11753943, -42745292
584:  55212791  11817948, -43394843
585:  54904924  11661183, -43243741
586:  55115684  11654060, -43461624
587:  55701725  11995320, -43706405
588:  55714443  12015290, -43699153
589:  55896766  12187564, -43709202
590:  55965797  11700831, -44264966
591:  56321299  11790697, -44530602
592:  56181276  11831544, -44349732
593:  56489681  12095307, -44394374
594:  56544110  12074634, -44469476
595:  56790217  11942999, -44847218
596:  57036249  11994345, -45041904
597:  57227276  12167746, -45059530
598:  57540875  12205252, -45335623
599:  57656730  12417928, -45238802
600:  58272581  12049630, -46222951
601:  58295914  12106849, -46189065
602:  58534744  12323463, -46211281
603:  58794061  12490996, -46303065
604:  58963842  12526368, -46437474
605:  59031327  12287121, -46744206
606:  58842549  12245296, -46597253
607:  59042558  12538357, -46504201
608:  59383382  12469077, -46914305
609:  59561837  12680406, -46881431
610:  60453365  12427025, -48026340
611:  60412322  12499448, -47912874
612:  59972252  12491853, -47480399
613:  60196541  12924819, -47271722
614:  60591949  12955334, -47636615
615:  60558554  12554499, -48004055
616:  61013517  12642321, -48371196
617:  61052593  12774433, -48278160
618:  61270466  12873825, -48396641
619:  61415692  13017512, -48398180
620:  61596630  12426638, -49169992
621:  61781538  12682415, -49099123
622:  61986820  12848909, -49137911
623:  62317743  12999397, -49318346
624:  62516849  12932117, -49584732
625:  62640702  12790274, -49850428
626:  62919998  12887035, -50032963
627:  62939964  13088126, -49851838
628:  63212977  13126313, -50086664
629:  63343540  13404178, -49939362
630:  63592561  13063786, -50528775
631:  63937425  13058557, -50878868
632:  64133363  13201437, -50931926
633:  64332240  13311500, -51020740
634:  64707045  13620115, -51086930
635:  64951883  13251642, -51700241
636:  65119835  13324355, -51795480
637:  65339690  13522674, -51817016
638:  65708600  13489133, -52219467
639:  65340131  13698859, -51641272
640:  65651776  13137425, -52514351
641:  65820175  13287994, -52532181
642:  66243086  13470294, -52772792
643:  66417016  13560109, -52856907
644:  66511266  13812460, -52698806
645:  66615978  13317976, -53298002
646:  66828090  13472194, -53355896
647:  67296509  13738019, -53558490
648:  67400137  13943733, -53456404
649:  67596799  14186383, -53410416
650:  67640294  13552799, -54087495
651:  68070812  13675533, -54395279
652:  68119032  14028868, -54090164
653:  68414554  14206494, -54208060
654:  68514852  14367807, -54147045
655:  68757272  13738233, -55019039
656:  68813048  14044721, -54768327
657:  69066968  14214811, -54852157
658:  69476651  14423393, -55053258
659:  69669555  14599619, -55069936
660:  69704035  14239241, -55464794
661:  69943817  14321412, -55622405
662:  70397047  14526197, -55870850
663:  70500887  14688644, -55812243
664:  70719571  14664728, -56054843
665:  71047338  14446536, -56600802
666:  70984095  14614589, -56369506
667:  71175648  14749574, -56426074
668:  71520769  14993001, -56527768
669:  71645323  15240799, -56404524
670:  72046250  14693377, -57352873
671:  72043699  14945206, -57098493
672:  76708177  16106641, -60601536
673:  75843541  15761955, -60081586
674:  77812576  15314172, -62498404
675:  72909829  14687254, -58222575
676:  73236354  14905531, -58330823
677:  73344481  15204092, -58140389
678:  73584827  15237533, -58347294
679:  73841198  15515154, -58326044
680:  74159137  14869953, -59289184
681:  75382575  15468329, -59914246
682:  74553341  15293615, -59259726
683:  75818421  15749214, -60069207
684:  75274136  15631789, -59642347
685:  76162703  15705612, -60457091
686:  76031056  15511020, -60520036
687:  75764102  15687786, -60076316
688:  75802542  15929344, -59873198
689:  75929396  15888036, -60041360
690:  76529458  15245729, -61283729
691:  77937398  15996526, -61940872
692:  78105991  16243480, -61862511
693:  77457157  16094758, -61362399
694:  77153606  15859578, -61294028
695:  77804531  15704577, -62099954
696:  78100716  15876429, -62224287
697:  78201494  15921834, -62279660
698:  78665215  16134319, -62530896
699:  78819302  16448413, -62370889
700:  78625555  15769312, -62856243
701:  78576407  15882390, -62694017
702:  78871930  16085308, -62786622
703:  80579485  16583942, -63995543
704:  80025911  16356665, -63669246
705:  81039671  16082479, -64957192
706:  79841410  16012172, -63829238
707:  80120600  16135359, -63985241
708:  80349318  16202324, -64146994
709:  80634999  16364176, -64270823
710:  80780075  15986766, -64793309
711:  80995677  16272452, -64723225
712:  81250440  16245465, -65004975
713:  81380782  16483478, -64897304
714:  81939036  16682832, -65256204
715:  81844984  16397342, -65447642
716:  82172659  16438670, -65733989
717:  82374967  16652258, -65722709
718:  82445574  16831729, -65613845
719:  83242856  17146103, -66096753
720:  83722389  16228658, -67493731
721:  83182636  16378843, -66803793
722:  83485124  16555781, -66929343
723:  83726222  16696718, -67029504
724:  84642294  16760149, -67882145
725:  84148492  16430506, -67717986
726:  84370424  16615724, -67754700
727:  85495380  17061790, -68433590
728:  85866480  16955945, -68910535
729:  85357754  17253620, -68104134
730:  86497362  17189879, -69307483
731:  87116826  17227902, -69888924
732:  86009589  17191301, -68818288
733:  85955668  17267452, -68688216
734:  86532772  17171876, -69360896
735:  86308220  16570599, -69737621
736:  86755122  16973524, -69781598
737:  87294434  17135940, -70158494
738:  88149653  17436097, -70713556
739:  88836409  17647602, -71188807
740:  88539019  17001248, -71537771
741:  87745167  17217639, -70527528
742:  88342704  17368768, -70973936
743:  89137445  17595435, -71542010
744:  88474101  17498802, -70975299
745:  89935090  19553271, -70381819
746:  89025786  17384766, -71641020
747:  89432760  17548479, -71884281
748:  89639568  17712731, -71926837
749:  90642269  17827375, -72814894
750:  90056956  17039085, -73017871
751:  92245265  17432408, -74812857
752:  92573431  17564051, -75009380
753:  90894210  17518248, -73375962
754:  91114771  17989335, -73125436
755:  91894391  17487711, -74406680
756:  92117350  17673293, -74444057
757:  91578203  18463585, -73114618
758:  94607520  18083841, -76523679
759:  91973331  18204648, -73768683
760:  92559585  17638236, -74921349
761:  93380155  17938878, -75441277
762:  92854588  18138347, -74716241
763:  93266970  19246682, -74020288
764:  94792029  18435486, -76356543
765:  93449004  17835677, -75613327
766:  93911788  17953447, -75958341
767:  94423087  18788723, -75634364
768:  94970224  18131172, -76839052
769:  94985898  18755999, -76229899
770:  95666771  18090865, -77575906
771:  95355326  18296197, -77059129
772:  96359371  18468428, -77890943
773:  95835629  18546066, -77289563
774:  96223937  19853442, -76370495
775:  95889690  18277630, -77612060
776:  96939209  20930510, -76008699
777:  96593262  18698582, -77894680
778:  97211701  18907872, -78303829
779:  97885010  19061419, -78823591
780:  98040777  18344864, -79695913
781:  98379686  18444944, -79934742
782:  97912866  18487471, -79425395
783:  98255984  18777322, -79478662
784:  98291557  19872611, -78418946
785:  99232862  18602317, -80630545
786:  98637688  18885589, -79752099
787:  99659826  19089893, -80569933
788:  99235566  18895281, -80340285
789:  99407695  19347526, -80060169
790:  99630808  18784281, -80846527
791: 100030358  19024148, -81006210
792: 100172187  19059808, -81112379
793: 100720829  19355280, -81365549
794: 101501585  19503601, -81997984
795: 101592344  18990535, -82601809
796: 102730016  18900711, -83829305
797: 102491347  19195935, -83295412
798: 103256951  19266251, -83990700
799: 102328610  20029366, -82299244
800: 103032123  18853318, -84178805
801: 103461513  19287100, -84174413
802: 103401608  19495713, -83905895
803: 103383937  19492818, -83891119
804: 103396234  19629069, -83767165
805: 104074718  19661811, -84412907
806: 103909076  20652736, -83256340
807: 104944876  19811678, -85133198
808: 105017664  19853607, -85164057
809: 104771771  19979544, -84792227
810: 104933452  19263552, -85669900
811: 105300760  19439826, -85860934
812: 105248447  19695712, -85552735
813: 105580523  19776952, -85803571
814: 105788468  19879412, -85909056
815: 106249575  19381534, -86868041
816: 106291100  19630190, -86660910
817: 106756965  19782736, -86974229
818: 106868687  19977005, -86891682
819: 107131542  20313685, -86817857
820: 107660267  19857761, -87802506
821: 107946572  19940723, -88005849
822: 107886470  20014055, -87872415
823: 109175590  20680886, -88494704
824: 110026963  20576238, -89450725
825: 113126743  19817406, -93309337
826: 108970581  20072977, -88897604
827: 109212130  20123680, -89088450
828: 109682862  20221868, -89460994
829: 109865932  20499984, -89365948
830: 110018190  19823437, -90194753
831: 110279145  20292625, -89986520
832: 112689999  20580365, -92109634
833: 112815761  20572314, -92243447
834: 111749678  20901800, -90847878
835: 113443934  20469339, -92974595
836: 111768126  20596659, -91171467
837: 111850032  20630978, -91219054
838: 112428979  20936432, -91492547
839: 112524302  21165385, -91358917
840: 113400713  20123675, -93277038
841: 113657582  20615861, -93041721
842: 113530971  20489697, -93041274
843: 114384663  20930474, -93454189
844: 113953881  20933034, -93020847
845: 114489325  20351507, -94137818
846: 114643936  20782608, -93861328
847: 114501901  20924147, -93577754
848: 114802627  21135528, -93667099
849: 116240902  21484309, -94756593
850: 116014868  20900047, -95114821
851: 115842481  20967543, -94874938
852: 116506488  21607323, -94899165
853: 116560484  21622035, -94938449
854: 117931907  21720929, -96210978
855: 117331374  21124442, -96206932
856: 117523896  21108380, -96415516
857: 117261819  21407088, -95854731
858: 117507849  21395143, -96112706
859: 117952055  21624384, -96327671
860: 120686032  21951969, -98734063
861: 118969866  21373379, -97596487
862: 120489421  22903082, -97586339
863: 119177441  22088644, -97088797
864: 120098631  21947146, -98151485
865: 120235444  21576979, -98658465
866: 121653271  21682791, -99970480
867: 121108414  22029695, -99078719
868: 121321721  22292377, -99029344
869: 121140888  22492439, -98648449
870: 122388820  21701967, -100686853
871: 121398416  21480223, -99918193
872: 122693351  21941794, -100751557
873: 127878502  22002041, -105876461
874: 122189112  22150382, -100038730
875: 122483003  21673473, -100809530
876: 122801321  21965646, -100835675
877: 123038395  22033184, -101005211
878: 123446077  22196514, -101249563
879: 123646160  22564634, -101081526
880: 123649517  21785199, -101864318
881: 124075366  22101650, -101973716
882: 125541227  22428265, -103112962
883: 125495348  22824295, -102671053
884: 124764480  22680971, -102083509
885: 125050540  22052054, -102998486
886: 125304899  22097674, -103207225
887: 125498045  22386501, -103111544
888: 125989817  22468486, -103521331
889: 126176862  22783215, -103393647
890: 126359749  22194641, -104165108
891: 131409805  22549088, -108860717
892: 127329997  22651036, -104678961
893: 127609196  22827633, -104781563
894: 127612087  23202369, -104409718
895: 128298686  22792213, -105506473
896: 129089172  22888111, -106201061
897: 134849139  23281179, -111567960
898: 129704288  23571587, -106132701
899: 129205843  23326605, -105879238
900: 129855624  22646937, -107208687
901: 130067208  22728683, -107338525
902: 130602583  22987109, -107615474
903: 131414361  23390581, -108023780
904: 130662105  23106994, -107555111
