8:     10806     10324,      -482
9:     11875     11674,      -201
10:     13510     13296,      -214
11:     15461     15104,      -357
12:     17689     17461,      -228
13:     19470     19131,      -339
14:     22639     22270,      -369
15:     24423     24158,      -265
16:     28196     27610,      -586
17:     30734     30396,      -338
18:     36979     31415,     -5564
19:     34198     33899,      -299
20:     36685     37006,       321
21:     39582     39672,        90
22:     40045     40550,       505
23:     44095     43969,      -126
24:     46451     46183,      -268
25:     50204     49525,      -679
26:     52971     52932,       -39
27:     55705     55344,      -361
28:     59879     67260,      7381
29:     71465     63620,     -7845
30:     65986     77575,     11589
31:     70930     71281,       351
32:     73965     72832,     -1133
33:     78554     78387,      -167
34:     80518     79745,      -773
35:     85749     85199,      -550
36:     89035     88533,      -502
37:     93161     92232,      -929
38:     98045    127299,     29254
39:    101422    100440,      -982
40:    103832    103173,      -659
41:    108322    107284,     -1038
42:    112526    111643,      -883
43:    116067    114602,     -1465
44:    124216    123723,      -493
45:    137156    130171,     -6985
46:    146952    139356,     -7596
47:    142109    141120,      -989
48:    160913    158831,     -2082
49:    167174    164293,     -2881
50:    162242    177780,     15538
51:    173044    166391,     -6653
52:    176758    168812,     -7946
53:    171540    179378,      7838
54:    185259    174718,    -10541
55:    182747    180799,     -1948
56:    189953    189433,      -520
57:    193453    192892,      -561
58:    198032    197565,      -467
59:    209131    208370,      -761
60:    216733    215994,      -739
61:    221735    220591,     -1144
62:    252536    226475,    -26061
63:    235025    233565,     -1460
64:    243639    242663,      -976
65:    248474    260920,     12446
66:    255135    253494,     -1641
67:    260675    259411,     -1264
68:    273361    265193,     -8168
69:    274640    274154,      -486
70:    282418    281703,      -715
71:    291331    290343,      -988
72:    296267    295230,     -1037
73:    303916    305693,      1777
74:    311267    310137,     -1130
75:    323307    322323,      -984
76:    330048    328671,     -1377
77:    336867    335765,     -1102
78:    347324    346602,      -722
79:    352830    352232,      -598
80:    364173    362331,     -1842
81:    366954    364894,     -2060
82:    375001    373523,     -1478
83:    383641    382219,     -1422
84:    388333    387549,      -784
85:    410142    405126,     -5016
86:    410319    408460,     -1859
87:    417498    474787,     57289
88:    437097    434572,     -2525
89:    456484    437428,    -19056
90:    448750    448955,       205
91:    457664    452521,     -5143
92:    467591    466100,     -1491
93:    477523    476136,     -1387
94:    496633    493115,     -3518
95:    500304    514888,     14584
96:    509643    508561,     -1082
97:    518305    516373,     -1932
98:    526385    535304,      8919
99:    539562    540482,       920
100:    543085    540799,     -2286
101:    558119    556917,     -1202
102:    563581    571437,      7856
103:    577501    576180,     -1321
104:    582183    578907,     -3276
105:    606846    599026,     -7820
106:    615551    602739,    -12812
107:    631308    616451,    -14857
108:    625965    626727,       762
109:    651820    643698,     -8122
110:    650324    648280,     -2044
111:    663725    661544,     -2181
112:    677609    675115,     -2494
113:    683287    681468,     -1819
114:    693466    691701,     -1765
115:    718237    703029,    -15208
116:    722028    717138,     -4890
117:    727357    722129,     -5228
118:    741406    732620,     -8786
119:    747858    744722,     -3136
120:    767600    759810,     -7790
121:    775027    770156,     -4871
122:    789595    780852,     -8743
123:    798945    797120,     -1825
124:    813073    808734,     -4339
125:    869660    822293,    -47367
126:    850211    829608,    -20603
127:    852501    850476,     -2025
128:    860273    886869,     26596
129:    879066    874136,     -4930
130:    886281    884003,     -2278
131:    906592    903444,     -3148
132:    932579    908515,    -24064
133:    925855    916980,     -8875
134:    928548    924286,     -4262
135:    949225    941966,     -7259
136:    958283    963657,      5374
137:    986306    974188,    -12118
138:    988683    984434,     -4249
139:   1004438   1001157,     -3281
140:   1013689   1012433,     -1256
141:   1025768   1023607,     -2161
142:   1043132   1038518,     -4614
143:   1053848   1050171,     -3677
144:   1066822   1064095,     -2727
145:   1086937   1100841,     13904
146:   1092711   1098746,      6035
147:   1106384   1103946,     -2438
148:   1237419   1242541,      5122
149:   1139991   1141162,      1171
150:   1151799   1152194,       395
151:   1160112   1177625,     17513
152:   1171772   1171948,       176
153:   1188096   1188774,       678
154:   1207919   1203283,     -4636
155:   1225742   1213605,    -12137
156:   1235367   1223152,    -12215
157:   1250837   1237034,    -13803
158:   1281370   1277422,     -3948
159:   1284296   1290370,      6074
160:   1297112   1295329,     -1783
161:   1319253   1288213,    -31040
162:   1338367   1301865,    -36502
163:   1350397   1322248,    -28149
164:   1358446   1325559,    -32887
165:   1381451   1352521,    -28930
166:   1387956   1356542,    -31414
167:   1394717   1358868,    -35849
168:   1423018   1516022,     93004
169:   1445250   1390080,    -55170
170:   1458815   1399182,    -59633
171:   1470673   1413475,    -57198
172:   1500438   1439333,    -61105
173:   1509226   1445329,    -63897
174:   1526955   1459886,    -67069
175:   1533411   1479298,    -54113
176:   1547870   1503523,    -44347
177:   1568052   1510779,    -57273
178:   1578930   1538408,    -40522
179:   1599666   1547799,    -51867
180:   1604886   1545620,    -59266
181:   1654969   1583793,    -71176
182:   1638252   1594521,    -43731
183:   1657973   1612448,    -45525
184:   1680081   1623768,    -56313
185:   1693412   1649460,    -43952
186:   1712124   1664233,    -47891
187:   1735576   1684315,    -51261
188:   1746718   1700125,    -46593
189:   1758588   1710644,    -47944
190:   1778076   1736922,    -41154
191:   1796383   1762773,    -33610
192:   1810026   1767819,    -42207
193:   1903653   1784714,   -118939
194:   1848096   1810984,    -37112
195:   1861067   1786475,    -74592
196:   1900642   1847635,    -53007
197:   1905605   1975318,     69713
198:   1947254   1888174,    -59080
199:   2096551   2134115,     37564
200:   1946515   1922559,    -23956
201:   1972407   1907524,    -64883
202:   1991771   1912990,    -78781
203:   2009555   1950533,    -59022
204:   2022311   1927985,    -94326
205:   2071736   1984457,    -87279
206:   2061703   1975706,    -85997
207:   2085457   1994422,    -91035
208:   2100511   1999255,   -101256
209:   2124149   2053888,    -70261
210:   2135925   2015229,   -120696
211:   2147346   2056307,    -91039
212:   2169946   2083900,    -86046
213:   2188903   2079640,   -109263
214:   2214408   2108293,   -106115
215:   2229448   2150797,    -78651
216:   2253004   2093214,   -159790
217:   2266743   2128391,   -138352
218:   2291881   2171888,   -119993
219:   2321888   2158386,   -163502
220:   2327402   2206094,   -121308
221:   2337486   2259207,    -78279
222:   2361762   2195232,   -166530
223:   2381696   2269753,   -111943
224:   2408500   2286091,   -122409
225:   2421462   2294241,   -127221
226:   2439501   2322022,   -117479
227:   2513686   2354027,   -159659
228:   2481288   2343021,   -138267
229:   2513101   2379632,   -133469
230:   2522998   2418436,   -104562
231:   2560102   2399130,   -160972
232:   2581974   2425203,   -156771
233:   2584532   2470136,   -114396
234:   2603814   2411396,   -192418
235:   2626336   2465363,   -160973
236:   2647923   2483682,   -164241
237:   2703379   2508526,   -194853
238:   2688327   2527300,   -161027
239:   2711991   2579930,   -132061
240:   2730303   2525878,   -204425
241:   2761150   2571679,   -189471
242:   2775416   2637475,   -137941
243:   2800394   2597329,   -203065
244:   2823274   2620512,   -202762
245:   2852311   2670477,   -181834
246:   2865621   2650911,   -214710
247:   2893595   2660996,   -232599
248:   2920964   2712078,   -208886
249:   2935294   2681565,   -253729
250:   2973536   2709821,   -263715
251:   3047372   2802585,   -244787
252:   3035635   2718180,   -317455
253:   3008940   2773194,   -235746
254:   3081527   2817626,   -263901
255:   3072043   2775508,   -296535
256:  10739211   3176245,  -7562966
257:  10730609   3242279,  -7488330
258:  10867588   3294065,  -7573523
259:  10898270   3391055,  -7507215
260:  10999703   3153158,  -7846545
261:  11089550   3214595,  -7874955
262:  11277179   3355303,  -7921876
263:  11274225   3376453,  -7897772
264:  11403451   3458812,  -7944639
265:  11436608   3278217,  -8158391
266:  11485576   3328692,  -8156884
267:  11565990   3496832,  -8069158
268:  11645953   3517369,  -8128584
269:  11778212   3777171,  -8001041
270:  11930656   3398376,  -8532280
271:  12010706   3458614,  -8552092
272:  12171879   3529382,  -8642497
273:  12216337   3672362,  -8543975
274:  12255252   3673922,  -8581330
275:  12363685   3512584,  -8851101
276:  12472060   3555026,  -8917034
277:  12562383   3626639,  -8935744
278:  12635358   3672448,  -8962910
279:  12731558   3777004,  -8954554
280:  12704764   3558571,  -9146193
281:  12849776   3634242,  -9215534
282:  12962406   3750941,  -9211465
283:  13030413   3780799,  -9249614
284:  13252204   3912932,  -9339272
285:  13212621   3675380,  -9537241
286:  13281150   3701169,  -9579981
287:  13479837   3860148,  -9619689
288:  13424333   3867110,  -9557223
289:  13599023   3985154,  -9613869
290:  13634739   3792018,  -9842721
291:  13779284   3822760,  -9956524
292:  13838896   3895878,  -9943018
293:  13947597   4007456,  -9940141
294:  13985834   4086539,  -9899295
295:  14230533   3914937, -10315596
296:  14254686   3953866, -10300820
297:  14299176   4067285, -10231891
298:  14368490   4086774, -10281716
299:  17705357   4283373, -13421984
300:  14584676   3962866, -10621810
301:  14701343   4029143, -10672200
302:  14755956   4112862, -10643094
303:  14917172   4249933, -10667239
304:  14955789   4404196, -10551593
305:  15134326   4110362, -11023964
306:  15286481   4138460, -11148021
307:  15371147   4307679, -11063468
308:  15351551   4366309, -10985242
309:  15556030   4458240, -11097790
310:  15544049   4207822, -11336227
311:  15636929   4268770, -11368159
312:  15752667   4387354, -11365313
313:  15880555   4427009, -11453546
314:  15946319   4628180, -11318139
315:  16061742   4364105, -11697637
316:  16241685   4398542, -11843143
317:  16289323   4537922, -11751401
318:  16438617   4557552, -11881065
319:  16465168   4669912, -11795256
320:  16616265   4376141, -12240124
321:  16690056   4461449, -12228607
322:  16821965   4598906, -12223059
323:  16940328   4644900, -12295428
324:  16989162   4714103, -12275059
325:  17109541   4566657, -12542884
326:  17218403   4570346, -12648057
327:  17272654   4698974, -12573680
328:  17492413   4795687, -12696726
329:  18063691   4921492, -13142199
330:  17696669   4608848, -13087821
331:  17806480   4669322, -13137158
332:  17813909   4791257, -13022652
333:  17946802   4844597, -13102205
334:  18039480   4932674, -13106806
335:  18128952   4740484, -13388468
336:  18243066   4781859, -13461207
337:  18429843   4889076, -13540767
338:  18505189   4981803, -13523386
339:  18649860   5091417, -13558443
340:  18762513   4828804, -13933709
341:  18838409   4881638, -13956771
342:  18905820   4993075, -13912745
343:  19041853   5067291, -13974562
344:  19212301   5133511, -14078790
345:  19269369   5012417, -14256952
346:  19767122   5085485, -14681637
347:  19571167   5266876, -14304291
348:  19683828   5209048, -14474780
349:  19762863   5311224, -14451639
350:  19790544   4993793, -14796751
351:  19970994   5110288, -14860706
352:  20113048   5266760, -14846288
353:  20130456   5270241, -14860215
354:  20224651   5391522, -14833129
355:  20431871   5182200, -15249671
356:  20825429   5479666, -15345763
357:  20574604   5381273, -15193331
358:  20687382   5429562, -15257820
359:  20917179   5571270, -15345909
360:  20945372   5274969, -15670403
361:  21133203   5328725, -15804478
362:  21229573   5459631, -15769942
363:  21273552   5534511, -15739041
364:  21460938   5580599, -15880339
365:  21517659   5435373, -16082286
366:  21664800   5478677, -16186123
367:  21801790   5606243, -16195547
368:  21852380   5699419, -16152961
369:  22094828   5784943, -16309885
370:  22092429   5460793, -16631636
371:  22287197   5595763, -16691434
372:  22404659   5724903, -16679756
373:  22463651   5797933, -16665718
374:  22636401   5843102, -16793299
375:  22915550   5684759, -17230791
376:  22922377   5732457, -17189920
377:  23135792   5879110, -17256682
378:  23131522   5981293, -17150229
379:  23273320   6061684, -17211636
380:  23403209   5758405, -17644804
381:  23414588   5844746, -17569842
382:  23631456   5994088, -17637368
383:  23726348   6051062, -17675286
384:  23777128   6138878, -17638250
385:  24009278   5926946, -18082332
386:  24047535   5978331, -18069204
387:  24318158   6243722, -18074436
388:  24608877   6214540, -18394337
389:  24575941   6330431, -18245510
390:  24826329   6070797, -18755532
391:  26478041   6131274, -20346767
392:  25044261   6248745, -18795516
393:  25003078   6351199, -18651879
394:  25009460   6390475, -18618985
395:  25238006   6123237, -19114769
396:  25315893   6213224, -19102669
397:  25576157   6361964, -19214193
398:  25552051   6433484, -19118567
399:  25727139   6531602, -19195537
400:  25829905   6200802, -19629103
401:  26018458   6306544, -19711914
402:  26071302   6451876, -19619426
403:  26277175   6558842, -19718333
404:  26600144   6665000, -19935144
405:  26634696   6465843, -20168853
406:  26547554   6434148, -20113406
407:  26654196   6584937, -20069259
408:  26877582   6751457, -20126125
409:  27144259   6736259, -20408000
410:  27070377   6484328, -20586049
411:  27230036   6542197, -20687839
412:  27315402   6705461, -20609941
413:  27539583   6744541, -20795042
414:  27705320   6850756, -20854564
415:  28137954   6733984, -21403970
416:  29904388   6782135, -23122253
417:  28279777   6982479, -21297298
418:  28317813   6984946, -21332867
419:  28436852   7062159, -21374693
420:  28746765   6833160, -21913605
421:  28753152   6848906, -21904246
422:  28948830   6995199, -21953631
423:  28972379   7070957, -21901422
424:  29207806   7131116, -22076690
425:  29215488   6894624, -22320864
426:  29306242   6964467, -22341775
427:  29335741   7130235, -22205506
428:  29563127   7205074, -22358053
429:  29650440   7277508, -22372932
430:  29768776   7040064, -22728712
431:  30090131   7132413, -22957718
432:  30402442   7319673, -23082769
433:  30351319   7380189, -22971130
434:  30367329   7443086, -22924243
435:  30629550   7211877, -23417673
436:  30606814   7226448, -23380366
437:  30849270   7388327, -23460943
438:  30892045   7477528, -23414517
439:  30960715   7567138, -23393577
440:  31254701   7244515, -24010186
441:  31450431   7351046, -24099385
442:  31578400   7496765, -24081635
443:  31746604   7563033, -24183571
444:  31796898   7656698, -24140200
445:  31872079   7434887, -24437192
446:  32042343   7498511, -24543832
447:  32211227   7704690, -24506537
448:  32280095   7720645, -24559450
449:  32411201   7881268, -24529933
450:  32620303   7588467, -25031836
451:  32745169   7650504, -25094665
452:  32977445   7761677, -25215768
453:  33088262   7851722, -25236540
454:  33281366   7994135, -25287231
455:  33253726   7776072, -25477654
456:  33421757   7786521, -25635236
457:  33597593   7918332, -25679261
458:  33718057   8057499, -25660558
459:  33968526   8152817, -25815709
460:  34076904   7837195, -26239709
461:  34269745   7911751, -26357994
462:  34408257   8019744, -26388513
463:  34428719   8123437, -26305282
464:  34657895   8172729, -26485166
465:  34841857   7994826, -26847031
466:  35076775   8035088, -27041687
467:  35211860   8198782, -27013078
468:  35267825   8324542, -26943283
469:  35500500   8389318, -27111182
470:  35693707   8146443, -27547264
471:  35760040   8221430, -27538610
472:  35831497   8345077, -27486420
473:  36160847   8484523, -27676324
474:  36421354   8573577, -27847777
475:  36506562   8366599, -28139963
476:  36456668   8367113, -28089555
477:  36792554   8573601, -28218953
478:  36919939   8592505, -28327434
479:  36848254   8698232, -28150022
480:  37187240   8455616, -28731624
481:  37363696   8532925, -28830771
482:  37439438   8588020, -28851418
483:  37497620   8661074, -28836546
484:  37748968   8795631, -28953337
485:  37950844   8590250, -29360594
486:  38242241   8687667, -29554574
487:  38359395   8815994, -29543401
488:  38450001   8898384, -29551617
489:  38553450   8957120, -29596330
490:  38608684   8679801, -29928883
491:  38740936   8751853, -29989083
492:  38855631   8862080, -29993551
493:  39335552   9027572, -30307980
494:  39259706   9083756, -30175950
495:  39316133   8862371, -30453762
496:  39517341   8908955, -30608386
497:  39781316   9070879, -30710437
498:  40014871   9151233, -30863638
499:  40016962   9264470, -30752492
500:  40307349   8963829, -31343520
501:  40540996   9042967, -31498029
502:  40607403   9217812, -31389591
503:  40773695   9266436, -31507259
504:  40840979   9420097, -31420882
505:  40998896   9151497, -31847399
506:  41305273   9213017, -32092256
507:  41410242   9370999, -32039243
508:  41566555   9557931, -32008624
509:  41663497   9692088, -31971409
510:  41858215   9339600, -32518615
511:  42046574   9350554, -32696020
512:  42139264   9525677, -32613587
513:  42261217   9714879, -32546338
514:  42581908   9824978, -32756930
515:  42818092   9469411, -33348681
516:  42926775   9606689, -33320086
517:  42928751   9778006, -33150745
518:  43170000   9911882, -33258118
519:  43456671   9946378, -33510293
520:  43486870   9515978, -33970892
521:  43866927   9736315, -34130612
522:  43799738   9890805, -33908933
523:  43986930  10020162, -33966768
524:  44193429  10022169, -34171260
525:  44506069   9891326, -34614743
526:  44500300   9919866, -34580434
527:  44653237  10136488, -34516749
528:  44904850  10143238, -34761612
529:  44940501  10393927, -34546574
530:  45199628   9914854, -35284774
531:  45291099  10202520, -35088579
532:  45526441  10209443, -35316998
533:  45713530  10346824, -35366706
534:  45764227  10460190, -35304037
535:  46109561  10081965, -36027596
536:  46289984  10252042, -36037942
537:  46272492  10502309, -35770183
538:  46608048  10579471, -36028577
539:  46652351  10695802, -35956549
540:  46950692  10344350, -36606342
541:  47228991  10461736, -36767255
542:  47257740  10478086, -36779654
543:  47312693  10605764, -36706929
544:  47510554  10738256, -36772298
545:  47694446  10548725, -37145721
546:  48326540  10633515, -37693025
547:  48200864  10780165, -37420699
548:  48193917  10822402, -37371515
549:  48507924  11013149, -37494775
550:  48552417  10620195, -37932222
551:  48681233  10710955, -37970278
552:  49142067  10860664, -38281403
553:  49106910  10967418, -38139492
554:  49332018  11072098, -38259920
555:  49499431  10682957, -38816474
556:  49649440  10829678, -38819762
557:  49927617  11086622, -38840995
558:  49922420  11145391, -38777029
559:  50206979  11255115, -38951864
560:  50327305  10688299, -39639006
561:  50670899  10899120, -39771779
562:  50771671  11009376, -39762295
563:  50989220  11114590, -39874630
564:  51130117  11160035, -39970082
565:  51356209  11013847, -40342362
566:  53063953  11099173, -41964780
567:  51745068  11332268, -40412800
568:  54662335  11803721, -42858614
569:  52176560  11639968, -40536592
570:  52356642  11157592, -41199050
571:  52294391  11209266, -41085125
572:  52526681  11316230, -41210451
573:  52646252  11492151, -41154101
574:  52824366  11546376, -41277990
575:  53304336  11531166, -41773170
576:  53747726  11506269, -42241457
577:  55362795  11687924, -43674871
578:  53937676  11685908, -42251768
579:  55755736  11883997, -43871739
580:  54111413  11333350, -42778063
581:  54494049  11458680, -43035369
582:  55100479  11756213, -43344266
583:  55104570  11808283, -43296287
584:  54858639  11895503, -42963136
585:  55068910  11646474, -43422436
586:  55129213  11746580, -43382633
587:  55529624  11856544, -43673080
588:  55816684  11959643, -43857041
589:  55834681  12089902, -43744779
590:  56080314  11668214, -44412100
591:  56390706  11821629, -44569077
592:  56952005  12069108, -44882897
593:  57064133  12179427, -44884706
594:  56854128  12100054, -44754074
595:  56875683  11865330, -45010353
596:  57052709  11878999, -45173710
597:  57729839  12296509, -45433330
598:  57790424  12353075, -45437349
599:  58232233  12547349, -45684884
600:  58266312  12102124, -46164188
601:  57905827  12074483, -45831344
602:  58054493  12142911, -45911582
603:  58632791  12421805, -46210986
604:  58556638  12516528, -46040110
605:  59147973  12345112, -46802861
606:  59028150  12263901, -46764249
607:  59232627  12514367, -46718260
608:  59240364  12481466, -46758898
609:  59688390  12663639, -47024751
610:  59752712  12385623, -47367089
611:  59864911  12401159, -47463752
612:  60337183  12535859, -47801324
613:  60536937  12714464, -47822473
614:  60703798  12811032, -47892766
615:  60578017  12414034, -48163983
616:  60825710  12491056, -48334654
617:  61002632  12807737, -48194895
618:  61218839  12874784, -48344055
619:  61379893  13039448, -48340445
620:  61563505  12503774, -49059731
621:  62387326  12845188, -49542138
622:  62218368  12820753, -49397615
623:  62430235  12974656, -49455579
624:  62448127  13166145, -49281982
625:  62875047  12811943, -50063104
626:  62839249  12930711, -49908538
627:  63074024  13121643, -49952381
628:  63155733  13110912, -50044821
629:  63489065  13367028, -50122037
630:  63604984  12953686, -50651298
631:  63814151  13040635, -50773516
632:  64112018  13228513, -50883505
633:  64132685  13364242, -50768443
634:  64463787  13445824, -51017963
635:  64679882  13128500, -51551382
636:  64856059  13247787, -51608272
637:  66155766  13498268, -52657498
638:  65197369  13470072, -51727297
639:  65334319  13969591, -51364728
640:  65706455  13054677, -52651778
641:  66062336  13334952, -52727384
642:  66277951  13460296, -52817655
643:  67284449  14168761, -53115688
644:  67359600  14131789, -53227811
645:  67179038  13406113, -53772925
646:  66837189  13546921, -53290268
647:  67219118  14077084, -53142034
648:  67638763  13960103, -53678660
649:  67527517  14177468, -53350049
650:  67630761  13558853, -54071908
651:  70586105  14993165, -55592940
652:  68581494  14205673, -54375821
653:  69001585  14355446, -54646139
654:  70312089  14501405, -55810684
655:  68859911  14333701, -54526210
656:  68899376  14515962, -54383414
657:  70383952  15419256, -54964696
658:  69420091  14871900, -54548191
659:  69542799  15087554, -54455245
660:  70716118  14262285, -56453833
661:  70345346  14463330, -55882016
662:  70355397  14752618, -55602779
663:  70291004  14719489, -55571515
664:  70788751  14824584, -55964167
665:  70942446  14497690, -56444756
666:  70989125  14758812, -56230313
667:  71435873  14920464, -56515409
668:  71610376  15006421, -56603955
669:  71730828  15211180, -56519648
670:  71934459  14756520, -57177939
671:  73335293  15935091, -57400202
672:  74532776  15174627, -59358149
673:  74887653  17495032, -57392621
674:  74972018  16851628, -58120390
675:  76853827  16577258, -60276569
676:  75148690  15741492, -59407198
677:  73420281  15274678, -58145603
678:  74012841  15377116, -58635725
679:  74019150  15393492, -58625658
680:  74286517  15049541, -59236976
681:  74255958  15477686, -58778272
682:  74600807  15327836, -59272971
683:  74878523  15529545, -59348978
684:  74971669  15647749, -59323920
685:  75385897  15343771, -60042126
686:  75619299  15556550, -60062749
687:  75495588  15618947, -59876641
688:  75957170  15922296, -60034874
689:  76622293  15900158, -60722135
690:  76538227  15230147, -61308080
691:  76698926  15429134, -61269792
692:  77273084  15818505, -61454579
693:  77556462  15745702, -61810760
694:  77612942  15936837, -61676105
695:  77550325  15688227, -61862098
696:  77897570  15643576, -62253994
697:  77753334  17024567, -60728767
698:  77922112  16002558, -61919554
699:  78472332  16337865, -62134467
700:  78509170  15766098, -62743072
701:  79537440  16216720, -63320720
702:  78969368  16035582, -62933786
703:  79040073  16326717, -62713356
704:  79273655  16180411, -63093244
705:  79607401  15704519, -63902882
706:  79686119  15851732, -63834387
707:  80284974  16270444, -64014530
708:  80385543  16373443, -64012100
709:  80537955  16381352, -64156603
710:  80727185  15938542, -64788643
711:  80981582  16390253, -64591329
712:  81068572  16301791, -64766781
713:  81378449  16472995, -64905454
714:  81580026  16666159, -64913867
715:  81747774  16376032, -65371742
716:  82162451  16422142, -65740309
717:  83193898  16904994, -66288904
718:  82779260  16786183, -65993077
719:  82607556  16967405, -65640151
720:  83231378  16092432, -67138946
721:  83105153  16284470, -66820683
722:  83493189  16471420, -67021769
723:  83718571  16797355, -66921216
724:  84201575  17296761, -66904814
725:  84162712  17303193, -66859519
726:  84451616  16834499, -67617117
727:  84447740  16976941, -67470799
728:  84883602  17073474, -67810128
729:  85084212  17331175, -67753037
730:  85505497  16829044, -68676453
731:  85784878  17042748, -68742130
732:  86248858  17161900, -69086958
733:  85940222  17400811, -68539411
734:  86634383  17269097, -69365286
735:  86891917  17186625, -69705292
736:  87446518  17080119, -70366399
737:  87107839  17255160, -69852679
738:  87441758  17462087, -69979671
739:  87391114  17614114, -69777000
740:  87847024  16988435, -70858589
741:  94365914  17451272, -76914642
742:  88497384  17431126, -71066258
743:  88917439  17757559, -71159880
744:  88482687  17735125, -70747562
745:  88977481  17383087, -71594394
746:  89197424  17632722, -71564702
747:  90059613  17736347, -72323266
748:  89759153  17929222, -71829931
749:  90036218  17972077, -72064141
750:  90055815  17250078, -72805737
751:  90240409  17475736, -72764673
752:  90466751  17626618, -72840133
753:  90725425  17820483, -72904942
754:  91216164  17977032, -73239132
755:  91273611  17526969, -73746642
756:  91345782  17778167, -73567615
757:  91844223  17894437, -73949786
758:  92096433  18045787, -74050646
759:  92007847  18407576, -73600271
760:  93381937  17783702, -75598235
761:  95301616  18597731, -76703885
762:  94421132  18186335, -76234797
763:  96336507  18474847, -77861660
764:  94868665  19027386, -75841279
765:  95588218  18427472, -77160746
766:  93786173  17930012, -75856161
767:  94781566  18455467, -76326099
768:  94572646  18304373, -76268273
769:  96743516  18406399, -78337117
770:  94896215  18039068, -76857147
771:  95034034  18302050, -76731984
772:  95233065  18243463, -76989602
773:  95612218  18499891, -77112327
774:  96713708  18939469, -77774239
775:  95913395  18454854, -77458541
776:  96200630  18566135, -77634495
777:  96547111  18623772, -77923339
778:  96853224  19027590, -77825634
779:  97428106  19211591, -78216515
780:  97224113  18184046, -79040067
781:  97641987  18445608, -79196379
782:  97688725  18631894, -79056831
783:  98453478  18815899, -79637579
784:  98598099  18998145, -79599954
785:  98609613  18457687, -80151926
786:  99473374  18786969, -80686405
787:  98952774  18904486, -80048288
788:  99154742  19148238, -80006504
789:  99721981  19326413, -80395568
790:  99846154  19041857, -80804297
791: 100633880  19030741, -81603139
792: 100429132  19154911, -81274221
793: 100528691  19470616, -81058075
794: 100725723  19452598, -81273125
795: 101396933  19071706, -82325227
796: 101206317  19025353, -82180964
797: 101750452  19280251, -82470201
798: 102206421  19468742, -82737679
799: 101926580  19496911, -82429669
800: 103708212  19113604, -84594608
801: 102497571  20053282, -82444289
802: 102944818  19362889, -83581929
803: 105068174  19834819, -85233355
804: 103502040  19556637, -83945403
805: 104342366  19519944, -84822422
806: 103835423  19412554, -84422869
807: 104998293  19981067, -85017226
808: 104849190  19911892, -84937298
809: 105378122  19922707, -85455415
810: 105268265  19215279, -86052986
811: 105200802  19409771, -85791031
812: 105240669  19627058, -85613611
813: 105743688  19790454, -85953234
814: 106050567  19939379, -86111188
815: 106100043  19404363, -86695680
816: 106312095  19755066, -86557029
817: 107170682  20465280, -86705402
818: 106884531  20065426, -86819105
819: 117693757  20436758, -97256999
820: 107435575  19602785, -87832790
821: 107927137  19970278, -87956859
822: 108266926  20686109, -87580817
823: 108910248  20374370, -88535878
824: 108512267  20429463, -88082804
825: 108741660  19763635, -88978025
826: 109093376  19865271, -89228105
827: 109273892  20769083, -88504809
828: 110750930  20413034, -90337896
829: 109796422  20443416, -89353006
830: 110137327  20124677, -90012650
831: 110408021  20272316, -90135705
832: 110718002  20327037, -90390965
833: 111443151  20617003, -90826148
834: 111288857  20826178, -90462679
835: 111841965  20401610, -91440355
836: 111901631  20489605, -91412026
837: 113473695  20735108, -92738587
838: 112121587  20956866, -91164721
839: 112296826  21053534, -91243292
840: 112842268  20022347, -92819921
841: 113428108  20353031, -93075077
842: 113307824  20591505, -92716319
843: 113542484  20682276, -92860208
844: 114145314  20927910, -93217404
845: 114317425  20501884, -93815541
846: 114629578  20772551, -93857027
847: 114440270  20849347, -93590923
848: 114776297  20976421, -93799876
849: 115090681  21309607, -93781074
850: 115403885  20896876, -94507009
851: 116061631  21056128, -95005503
852: 116131998  21510089, -94621909
853: 116190405  21557386, -94633019
854: 119262520  21624879, -97637641
855: 116923884  20827034, -96096850
856: 117804067  20944713, -96859354
857: 117662211  21237775, -96424436
858: 117741360  21866500, -95874860
859: 118083048  21697872, -96385176
860: 118646042  20942380, -97703662
861: 118527476  21365095, -97162381
862: 118676650  21437460, -97239190
863: 119079454  21630253, -97449201
864: 119390591  22299159, -97091432
865: 119497583  21365786, -98131797
866: 122035779  21932373, -100103406
867: 120452558  21884735, -98567823
868: 120538728  22574068, -97964660
869: 120836425  22072976, -98763449
870: 120802410  21281834, -99520576
871: 121143943  21546883, -99597060
872: 121647370  21731740, -99915630
873: 125847060  21896465, -103950595
874: 122324948  22248916, -100076032
875: 122828251  21700897, -101127354
876: 123920822  22212831, -101707991
877: 123022320  21964910, -101057410
878: 123057084  22393126, -100663958
879: 125047643  22450042, -102597601
880: 123827711  21981184, -101846527
881: 123873899  22035519, -101838380
882: 126051693  22536444, -103515249
883: 124696819  22753813, -101943006
884: 125110233  22563200, -102547033
885: 130146220  23140021, -107006199
886: 125562121  22146043, -103416078
887: 126544918  22555443, -103989475
888: 125868011  22500556, -103367455
889: 126092184  22708233, -103383951
890: 126661423  22319878, -104341545
891: 128388737  22537117, -105851620
892: 127313195  22483902, -104829293
893: 127231820  22866457, -104365363
894: 128084533  23271524, -104813009
895: 128284652  22741870, -105542782
896: 128978884  22801685, -106177199
897: 128721452  23059555, -105661897
898: 131219120  23875031, -107344089
899: 129314588  23451597, -105862991
900: 129583861  22464694, -107119167
901: 130081706  22611087, -107470619
902: 129915580  23005166, -106910414
903: 131450761  25491148, -105959613
904: 131355164  23115386, -108239778
905: 131755577  22851075, -108904502
906: 131883563  23216142, -108667421
907: 134225300  23375767, -110849533
908: 132223374  23558579, -108664795
909: 134219684  24087737, -110131947
910: 132854370  23653927, -109200443
911: 133181323  23574743, -109606580
912: 133352294  23821365, -109530929
913: 137831377  24369024, -113462353
914: 135101754  24039559, -111062195
915: 134619407  23376586, -111242821
916: 133833169  23293320, -110539849
917: 134365179  23656566, -110708613
918: 134496193  23669909, -110826284
919: 134781740  24030274, -110751466
920: 135248682  23418068, -111830614
921: 135395361  23699428, -111695933
922: 135663017  23704626, -111958391
923: 136247304  24103593, -112143711
924: 136312071  24241026, -112071045
925: 136535267  23781867, -112753400
926: 136871526  23938170, -112933356
927: 137186437  24177523, -113008914
928: 137539089  24733764, -112805325
929: 140022404  24418833, -115603571
930: 138226240  23701259, -114524981
931: 138673219  23932475, -114740744
932: 139037809  24249986, -114787823
933: 139185970  24307229, -114878741
934: 139230563  24397666, -114832897
935: 139546541  24129638, -115416903
936: 139695752  24335110, -115360642
937: 140164648  24426422, -115738226
938: 140796765  24704355, -116092410
939: 140660808  24886513, -115774295
940: 141117065  24466481, -116650584
941: 142044377  24615383, -117428994
942: 142658245  24804731, -117853514
943: 142143970  25025999, -117117971
944: 142456327  25018376, -117437951
945: 143237244  24384051, -118853193
946: 143038424  24656203, -118382221
947: 143495826  24881820, -118614006
948: 143315017  25023379, -118291638
949: 145394240  25264062, -120130178
950: 151785147  25105722, -126679425
951: 145213902  25129102, -120084800
952: 145941221  25275543, -120665678
953: 145701480  25342305, -120359175
954: 146108823  26891056, -119217767
955: 146167354  25388906, -120778448
956: 146619089  25469887, -121149202
957: 146855628  25601805, -121253823
958: 147605930  26991492, -120614438
959: 147591754  27130005, -120461749
960: 147652208  24983837, -122668371
961: 148392735  25130527, -123262208
962: 148507023  26685841, -121821182
963: 148984458  27175107, -121809351
964: 148815575  26847397, -121968178
965: 149384477  25442716, -123941761
966: 149816377  26694849, -123121528
967: 150002862  26912189, -123090673
968: 150667433  26984442, -123682991
969: 153595691  27393723, -126201968
970: 151124745  28196024, -122928721
971: 151225990  28436332, -122789658
972: 151608643  28384092, -123224551
973: 151952324  28976228, -122976096
974: 152292825  29135338, -123157487
975: 152757567  28716956, -124040611
976: 152222187  28478761, -123743426
977: 152249517  28839960, -123409557
978: 152787287  29178361, -123608926
979: 152936184  29638101, -123298083
980: 158182985  28772315, -129410670
981: 154399109  28578828, -125820281
982: 155373132  28578436, -126794696
983: 154363909  28956701, -125407208
984: 154518347  28809006, -125709341
985: 154857165  28249743, -126607422
986: 155591866  29039956, -126551910
987: 157065963  29522955, -127543008
988: 157234273  29644868, -127589405
989: 156897653  29282756, -127614897
990: 159909084  29513658, -130395426
991: 156519318  29130538, -127388780
992: 158518271  29530937, -128987334
993: 157602332  29329447, -128272885
994: 157948969  30044422, -127904547
995: 158009632  30078337, -127931295
996: 159132636  29322703, -129809933
997: 158827946  29645772, -129182174
998: 158846101  29864990, -128981111
999: 159420267  30220798, -129199469
1000: 159739652  28840809, -130898843
1001: 159984253  29057176, -130927077
1002: 160506954  29180680, -131326274
1003: 161398537  29652131, -131746406
1004: 161002168  29442973, -131559195
1005: 161228428  28981509, -132246919
1006: 161805321  29339818, -132465503
1007: 161644325  29900976, -131743349
1008: 162525380  29614458, -132910922
1009: 163121314  29866543, -133254771
1010: 163016727  29464965, -133551762
1011: 163140339  29870705, -133269634
1012: 163896834  29776867, -134119967
1013: 163768421  30011796, -133756625
1014: 164196985  30483440, -133713545
1015: 164453292  30179782, -134273510
1016: 165595911  30069905, -135526006
1017: 165307001  30296997, -135010004
1018: 165690475  30771853, -134918622
1019: 165943475  30925870, -135017605
1020: 166250906  29487884, -136763022
1021: 166726535  29690834, -137035701
1022: 167174601  30109013, -137065588
1023: 167109562  30492757, -136616805
1024: 167372376  30224204, -137148172
1025: 167701525  29986879, -137714646
1026: 168511997  30314447, -138197550
1027: 168530646  31222163, -137308483
1028: 169569327  30562547, -139006780
1029: 169320409  30833324, -138487085
1030: 169531063  30470250, -139060813
1031: 170215819  30736208, -139479611
1032: 170232701  30668017, -139564684
1033: 170431922  31075449, -139356473
1034: 170971607  31269384, -139702223
1035: 171805528  31003052, -140802476
1036: 173391714  31309174, -142082540
1037: 172565597  31242482, -141323115
1038: 174889306  31641592, -143247714
1039: 172328552  31864512, -140464040
1040: 172910889  30267265, -142643624
1041: 173389670  30548975, -142840695
1042: 174970350  31140559, -143829791
1043: 174011001  31325813, -142685188
1044: 173862445  31181790, -142680655
1045: 174350069  30673099, -143676970
1046: 174951172  30950226, -144000946
1047: 175349942  31427874, -143922068
1048: 181044124  31822940, -149221184
1049: 176868139  31563120, -145305019
1050: 177446217  31503852, -145942365
1051: 176541972  31505681, -145036291
1052: 179890728  32377961, -147512767
1053: 177849545  32071137, -145778408
1054: 179489815  33427134, -146062681
1055: 183194668  32591799, -150602869
1056: 180284106  31785039, -148499067
1057: 178573648  31996501, -146577147
1058: 179958991  32437926, -147521065
1059: 182205826  32843914, -149361912
1060: 179586760  31753875, -147832885
1061: 180238015  31220788, -149017227
1062: 181030601  31948188, -149082413
1063: 182347690  32396622, -149951068
1064: 181732855  32093283, -149639572
1065: 181269619  31420210, -149849409
1066: 181839286  31888978, -149950308
1067: 181906752  32103260, -149803492
1068: 181917145  31992374, -149924771
1069: 182557214  32152819, -150404395
1070: 182882164  32150133, -150732031
1071: 183099393  32264597, -150834796
1072: 183325237  32138517, -151186720
1073: 183797195  32427296, -151369899
1074: 184381395  32877715, -151503680
1075: 185041498  32687039, -152354459
1076: 185832523  32502131, -153330392
1077: 185379105  32756974, -152622131
1078: 185974545  33104697, -152869848
1079: 185756798  33315309, -152441489
1080: 186353362  31649846, -154703516
1081: 188664460  32083289, -156581171
1082: 187339665  32449518, -154890147
1083: 187643911  32665270, -154978641
1084: 187742386  32707831, -155034555
1085: 187961892  32241525, -155720367
1086: 188624146  32673178, -155950968
1087: 188622023  32795483, -155826540
1088: 189405892  33011859, -156394033
1089: 189298207  33277078, -156021129
1090: 189770033  32882538, -156887495
1091: 190672421  33147077, -157525344
1092: 190246347  33019505, -157226842
1093: 190703187  33562347, -157140840
1094: 191143192  33819673, -157323519
1095: 191322277  33317732, -158004545
1096: 191914170  33417325, -158496845
1097: 192238756  33765645, -158473111
1098: 192790260  35805413, -156984847
1099: 192745448  34384091, -158361357
1100: 193194691  32705787, -160488904
1101: 193648677  33099658, -160549019
1102: 193817694  33354465, -160463229
1103: 194278890  33776711, -160502179
1104: 194693659  33714340, -160979319
1105: 195147106  33132094, -162015012
1106: 195688784  33553464, -162135320
1107: 195719461  33932941, -161786520
1108: 195936726  34071365, -161865361
1109: 196452326  33918692, -162533634
1110: 196865179  33598775, -163266404
1111: 197335993  34025581, -163310412
1112: 200658777  34077083, -166581694
1113: 197678565  34165875, -163512690
1114: 198471528  34649295, -163822233
1115: 198702185  34398273, -164303912
1116: 198920829  34280665, -164640164
1117: 199371521  34378662, -164992859
1118: 199635169  34697630, -164937539
1119: 199843608  35202856, -164640752
1120: 200281610  33608800, -166672810
1121: 200604619  33797930, -166806689
1122: 201283221  34115507, -167167714
1123: 201162836  34666528, -166496308
1124: 203317401  34512666, -168804735
1125: 202145800  33815982, -168329818
1126: 202460497  34276573, -168183924
1127: 202705726  34652068, -168053658
1128: 202978009  34510297, -168467712
1129: 203730419  34794272, -168936147
1130: 204023639  34497176, -169526463
1131: 204065274  34796848, -169268426
1132: 204521440  34734759, -169786681
1133: 204977126  35152252, -169824874
1134: 205215556  35483405, -169732151
1135: 205798828  34975932, -170822896
1136: 205862802  34957377, -170905425
1137: 206445065  35417119, -171027946
1138: 206717674  35722820, -170994854
1139: 207257452  35917445, -171340007
1140: 207483526  34519754, -172963772
1141: 207744178  34433926, -173310252
1142: 208153208  35182929, -172970279
1143: 208822690  35364387, -173458303
1144: 209729197  35349726, -174379471
1145: 209286509  34888470, -174398039
1146: 209538647  35345649, -174192998
1147: 209766846  35633400, -174133446
1148: 210046058  35611223, -174434835
1149: 210998059  35804962, -175193097
1150: 211074906  35548660, -175526246
1151: 211304438  35620772, -175683666
1152: 211634326  35747509, -175886817
1153: 212710419  36109406, -176601013
1154: 212655860  36250191, -176405669
1155: 213191357  35776087, -177415270
1156: 213286935  35915858, -177371077
1157: 213917199  36281007, -177636192
1158: 214331873  36552452, -177779421
1159: 214317685  36771076, -177546609
1160: 214434611  35223913, -179210698
1161: 215165526  35457409, -179708117
1162: 215886737  36099756, -179786981
1163: 215766810  36318322, -179448488
1164: 216228337  36183866, -180044471
1165: 216857260  35797556, -181059704
1166: 216905544  35826438, -181079106
1167: 217339083  36617551, -180721532
1168: 217841967  36510289, -181331678
1169: 218050921  36501211, -181549710
1170: 218510843  36050376, -182460467
1171: 220952228  36718312, -184233916
1172: 219307506  36532874, -182774632
1173: 219969017  36746072, -183222945
1174: 219951953  37088389, -182863564
1175: 220570879  36990625, -183580254
1176: 220989727  36864356, -184125371
1177: 221233859  36977133, -184256726
1178: 221698462  37480881, -184217581
1179: 223098462  39172126, -183926336
1180: 223515816  36497623, -187018193
1181: 223635175  36676613, -186958562
1182: 224258845  37294293, -186964552
1183: 224149695  38802967, -185346728
1184: 223914346  37974015, -185940331
1185: 224520173  36725827, -187794346
1186: 224988700  37274802, -187713898
1187: 226057626  38937141, -187120485
1188: 226644773  38265933, -188378840
1189: 228490453  38503936, -189986517
1190: 227661514  37503081, -190158433
1191: 227182626  39164572, -188018054
1192: 226892486  38256862, -188635624
1193: 227786201  38668822, -189117379
1194: 228251020  39650634, -188600386
1195: 228702092  40656868, -188045224
1196: 235945538  40580162, -195365376
1197: 232708690  40930082, -191778608
1198: 230411842  41492040, -188919802
1199: 230144311  41741738, -188402573
1200: 229786057  38792724, -190993333
1201: 230423189  39232358, -191190831
1202: 230795200  39920127, -190875073
1203: 231702625  40440128, -191262497
1204: 231922224  40796374, -191125850
1205: 232707944  39545077, -193162867
1206: 233733803  40146896, -193586907
1207: 233418973  40710509, -192708464
1208: 232602482  40930343, -191672139
1209: 233234501  40681165, -192553336
1210: 234163885  41725292, -192438593
1211: 234921451  40949725, -193971726
1212: 234986496  41344555, -193641941
1213: 235989634  41210638, -194778996
1214: 236460027  41307564, -195152463
1215: 235758284  41087602, -194670682
1216: 235998252  41360773, -194637479
1217: 236656553  41140586, -195515967
1218: 238020624  41586737, -196433887
1219: 240195327  42045419, -198149908
1220: 238411881  41768744, -196643137
1221: 239110207  41510575, -197599632
1222: 239481289  41901804, -197579485
1223: 238849915  42128063, -196721852
1224: 239260497  42462585, -196797912
1225: 240272766  40598034, -199674732
1226: 240985810  40754125, -200231685
1227: 241311418  41188550, -200122868
1228: 241799809  41816424, -199983385
1229: 242024975  41860854, -200164121
1230: 241565489  40561163, -201004326
1231: 241972311  41051485, -200920826
1232: 242601396  41848444, -200752952
1233: 243225759  42280928, -200944831
1234: 245258191  42070966, -203187225
1235: 248490020  41367868, -207122152
1236: 243700850  41855380, -201845470
1237: 246027235  42975308, -203051927
1238: 247583991  41947856, -205636135
1239: 245218921  42463608, -202755313
1240: 246339675  42377906, -203961769
1241: 246334665  42658778, -203675887
1242: 246503796  44383611, -202120185
1243: 249711790  43045810, -206665980
1244: 248473547  43012913, -205460634
1245: 247017221  42755862, -204261359
1246: 247631290  42221106, -205410184
1247: 248168181  42892841, -205275340
1248: 248058709  43231592, -204827117
1249: 250952745  43612622, -207340123
1250: 249665380  40929892, -208735488
1251: 249519759  41420337, -208099422
1252: 249653714  41996724, -207656990
1253: 250732591  42484281, -208248310
1254: 250745017  42878362, -207866655
1255: 251409249  41750095, -209659154
1256: 251586102  42107001, -209479101
1257: 252834953  43477412, -209357541
1258: 252714041  43323545, -209390496
1259: 253027202  42610211, -210416991
1260: 253027373  42359793, -210667580
1261: 254371278  42933515, -211437763
1262: 254260181  43204213, -211055968
1263: 254651752  42895092, -211756660
1264: 254546687  44375671, -210171016
1265: 255466598  43152501, -212314097
1266: 256216702  43809014, -212407688
1267: 256241268  43153192, -213088076
1268: 260302104  44850544, -215451560
1269: 256939203  45533891, -211405312
1270: 257320666  43641023, -213679643
1271: 257541816  43577384, -213964432
1272: 258102387  45089159, -213013228
1273: 258684613  45658407, -213026206
1274: 259267139  46038591, -213228548
1275: 259263469  42826678, -216436791
1276: 259997113  43614814, -216382299
1277: 260047710  44498997, -215548713
1278: 261042515  45050033, -215992482
1279: 260797385  45684111, -215113274
1280: 261621434  44224910, -217396524
1281: 261756377  44713945, -217042432
1282: 262111069  45304077, -216806992
1283: 262421777  46077433, -216344344
1284: 263094118  44816807, -218277311
1285: 263497834  45250226, -218247608
1286: 264203417  45740913, -218462504
1287: 264415030  46533729, -217881301
1288: 264305868  45066592, -219239276
1289: 264979742  45682510, -219297232
1290: 265794855  45800139, -219994716
1291: 265938377  46499617, -219438760
1292: 265910714  45353710, -220557004
1293: 266597611  45829045, -220768566
1294: 266929507  46546678, -220382829
1295: 267661656  46670823, -220990833
1296: 267764539  45614902, -222149637
1297: 268129965  46358497, -221771468
1298: 269019418  46811609, -222207809
1299: 268915879  47497586, -221418293
1300: 269598408  44174603, -225423805
1301: 269784352  44593272, -225191080
1302: 270698194  45451625, -225246569
1303: 270595221  46051973, -224543248
1304: 271015122  46384513, -224630609
1305: 271919172  44915350, -227003822
1306: 272134186  45638351, -226495835
1307: 272198177  46635989, -225562188
1308: 272715784  46951158, -225764626
1309: 273821892  45971466, -227850426
1310: 274105695  46233005, -227872690
1311: 273904132  46758858, -227145274
1312: 274321224  47344397, -226976827
1313: 275426230  46444763, -228981467
1314: 275595383  46899352, -228696031
1315: 275918766  47060866, -228857900
1316: 276713826  47685208, -229028618
1317: 276730807  46621155, -230109652
1318: 277373952  47195876, -230178076
1319: 277532106  47813433, -229718673
1320: 277719115  47300061, -230419054
1321: 278213825  47160484, -231053341
1322: 279345073  47418889, -231926184
1323: 279850409  48386349, -231464060
1324: 279203355  48679038, -230524317
1325: 280140601  45524590, -234616011
1326: 280611656  45941649, -234670007
1327: 281004519  46803938, -234200581
1328: 280991983  47439281, -233552702
1329: 282212794  48047324, -234165470
1330: 283231505  46452769, -236778736
1331: 282940568  47074559, -235866009
1332: 283051969  47803298, -235248671
1333: 283299494  48382920, -234916574
1334: 285391212  47121197, -238270015
1335: 284510444  47726254, -236784190
1336: 284916031  51536198, -233379833
1337: 287113603  49569727, -237543876
1338: 288015435  48264070, -239751365
1339: 292056610  48993145, -243063465
1340: 288352623  48250463, -240102160
1341: 286750362  48779368, -237970994
1342: 287827566  47698759, -240128807
1343: 287811675  48393877, -239417798
1344: 288029747  48904174, -239125573
1345: 288852494  48899825, -239952669
1346: 289261489  48106407, -241155082
1347: 289593048  48596966, -240996082
1348: 289517860  49349767, -240168093
1349: 290640413  49770999, -240869414
1350: 290728916  46228999, -244499917
1351: 291047628  46969787, -244077841
1352: 291536785  48035461, -243501324
1353: 292292309  48295593, -243996716
1354: 292585760  48635491, -243950269
1355: 292930337  47546681, -245383656
1356: 293015219  47986325, -245028894
1357: 293841072  48734330, -245106742
1358: 294221997  49070309, -245151688
1359: 294729419  48063780, -246665639
1360: 294807561  48625926, -246181635
1361: 297662358  48910617, -248751741
1362: 296539940  49399289, -247140651
1363: 296665776  48643921, -248021855
1364: 296877165  49019931, -247857234
1365: 297653468  49361793, -248291675
1366: 297742783  49901697, -247841086
1367: 298348473  48897467, -249451006
1368: 298117619  49518570, -248599049
1369: 298894266  50166101, -248728165
1370: 299769079  49872087, -249896992
1371: 299826080  49156333, -250669747
1372: 300000599  49631013, -250369586
1373: 301645510  50527453, -251118057
1374: 307206895  52265124, -254941771
1375: 302844324  48339620, -254504704
1376: 303088996  48226926, -254862070
1377: 303073300  48975091, -254098209
1378: 303645747  49580573, -254065174
1379: 303302308  50192831, -253109477
1380: 303822690  48624591, -255198099
